0.000172 -0.000003 0.000860 -0.000013 113761.460938
88.874451 68.609718 15.075662 -19.525635 111.308212
40.931156 -187.128891 -18.442884 -4.034616 173.409958
-46.839294 298.595886 14.846626 2.328500 159.099503
-42.261395 -395.933136 -13.019914 1.389176 191.520782
-163.197128 -460.681061 -11.138997 3.946348 170.696487
-291.140259 -520.268616 -9.335950 5.225727 148.130722
3.780567 -691.481567 -9.935397 -0.053752 194.170151
-746.798706 -303.530212 -3.464561 8.524538 103.165443
834.725220 324.855316 3.165969 -8.135230 185.938095
466.049042 -878.070496 -7.319464 -3.884644 173.760864
-65.121811 -1095.546265 -7.872391 0.468285 101.283791
1152.387817 -294.822510 -1.877420 -7.338664 112.451584
-1274.319824 -291.491974 -1.611159 7.044083 191.232452
1387.772705 -217.345963 -1.078875 -6.886887 118.881142
1208.143921 882.100159 3.983230 -5.455683 192.330658
-1587.770996 268.646759 1.086151 6.419233 162.024399
-631.758118 -1587.500488 -5.872519 2.337153 128.995697
-1423.850098 1116.727783 3.790257 4.832637 104.166557
12.526679 -1905.278931 -5.985227 -0.039231 160.375519
1882.051392 669.091064 1.958099 -5.508049 166.316452
-2061.163574 390.525513 1.062001 5.604362 149.151031
-1602.343506 -1509.768677 -3.818368 4.052624 123.266533
-1482.437988 1757.127686 4.164571 3.513572 119.349258
2389.142334 272.242279 0.603281 -5.293614 172.973022
-1836.794067 1699.324829 3.546972 3.833739 170.565781
391.152283 2561.213135 5.073868 -0.774935 180.622543
2691.540771 208.551010 0.388212 -5.013245 127.991821
1347.250488 -2455.549561 -4.327995 -2.374547 197.010681
-2885.863770 -133.957520 -0.225318 4.855506 136.456161
2655.893066 -1414.039185 -2.238402 -4.204241 111.608902
-1821.899780 2500.222412 3.796177 2.766203 117.057335
2615.778564 -1844.312256 -2.661133 -3.774143 164.109695
-2220.181396 2450.112305 3.367007 3.050857 126.175911
3369.315674 442.800659 0.583928 -4.443513 162.355515
-2857.895264 -2002.186401 -2.537676 3.622315 164.169266
989.931519 -3475.408203 -4.179742 -1.190565 102.313652
-723.282227 3620.502441 4.216424 0.842311 124.919418
1389.799805 -3527.214111 -3.947809 -1.555481 126.156708
3646.260010 -1389.616333 -1.489496 -3.908182 109.190971
-309.347809 -3993.601562 -4.115670 0.318846 159.960312
4059.622559 645.887939 0.640231 -4.024284 152.225586
-4036.330566 -1160.741699 -1.114129 3.874358 187.270584
-214.354095 4302.431152 3.975677 0.198067 177.546890
-1341.775146 -4186.720215 -3.752207 1.202569 114.286964
2617.521729 -3642.843994 -3.167879 -2.276227 116.371933
1526.727905 -4324.852051 -3.637659 -1.284162 176.132477
4552.663574 1142.761597 0.928351 -3.698667 155.592972
184.409119 4798.199707 3.767465 -0.144860 183.749146
1891.335815 -4525.147949 -3.442124 -1.438528 164.767548
-4992.312500 41.795048 0.030981 3.697416 159.023682
-3126.101318 4039.893555 2.890971 2.237070 132.834000
3104.664307 -4176.862305 -2.906588 -2.160391 135.349548
-4065.207764 -3396.859863 -2.301608 2.754490 189.836853
5396.771484 -235.024841 -0.154682 -3.551283 115.645157
5472.606445 612.700745 0.391676 -3.498817 185.747498
5138.619141 2224.979736 1.387243 -3.203951 170.709641
-3662.746582 4349.537109 2.650191 2.231656 151.154114
5078.158691 -2825.799561 -1.666445 -2.994684 155.072769
-5349.574219 -2490.447754 -1.435381 3.083311 179.476257
2509.054199 -5437.620117 -3.065483 -1.414430 160.820755
-5133.331543 -3292.374756 -1.806130 2.816126 110.715172
565.169312 6183.257324 3.301861 -0.301821 146.216827
-3534.717529 -5222.184570 -2.724554 1.844187 131.435425
1264.205322 6284.788574 3.198907 -0.643510 192.546860
6116.824707 -2217.593750 -1.103934 -3.044998 191.906662
-6018.816895 2702.288574 1.317423 2.934269 193.684067
-6641.002441 980.270264 0.465654 3.154543 100.192749
-4270.923340 5290.763184 2.465360 1.990104 136.352112
5223.358398 -4498.273926 -2.053424 -2.384399 128.318878
7005.616699 288.922241 0.128538 -3.117436 185.284012
-6818.889160 2030.501099 0.883995 2.968540 167.207840
-232.419540 7194.898438 3.077674 0.099387 126.315933
7008.270020 -2071.766357 -0.866408 -2.930788 149.878876
2736.979736 -6881.533691 -2.820962 -1.121944 115.443581
-7419.760254 -1117.338257 -0.449217 2.982476 137.296982
7136.909180 -2616.807617 -1.031606 -2.813327 131.811035
5484.518555 -5406.885254 -2.090039 -2.119993 175.118210
-4947.922852 6045.908691 2.287471 1.871995 122.811478
-5160.895996 -5969.317871 -2.224844 1.923564 158.639984
-7908.100586 -1116.783569 -0.408772 2.894825 147.371277
-8069.717773 -773.773804 -0.276883 2.888312 148.029037
8069.451660 -1537.534668 -0.539570 -2.831628 193.447266
-544.246887 -8281.724609 -2.861596 0.188070 118.975510
-7704.265137 3357.862549 1.138674 2.612490 114.450638
8090.933105 2557.145508 0.854752 -2.704364 195.517792
-6978.087891 -5017.919922 -1.645242 2.287951 147.924469
5010.668457 7096.877930 2.289797 -1.616673 142.380310
7993.927734 3665.708008 1.161248 -2.532426 130.039429
-991.639465 8856.583008 2.750317 0.307919 165.974564
-3829.247314 8140.474609 2.492530 1.172453 129.662003
8757.456055 2511.773193 0.754578 -2.631119 181.922485
9023.566406 1836.622803 0.542972 -2.667827 133.471191
-9254.793945 -1050.928467 -0.305422 2.689797 130.524918
5085.401367 7892.061523 2.266496 -1.460477 104.519127
4435.033203 8386.812500 2.371207 -1.253896 148.000656
-9598.271484 -254.268845 -0.070587 2.665277 152.876190
-8293.791016 -5057.835449 -1.380105 2.263118 112.829788
7853.583496 -5850.746582 -1.577173 -2.117114 128.054214
2804.304932 -9508.237305 -2.516789 -0.742325 134.901566
4968.345703 8669.298828 2.267598 -1.299640 161.690750
10016.707031 1185.650513 0.305765 -2.583321 193.705765
3413.374023 -9608.383789 -2.438066 -0.866098 198.154449
1935.412598 -10122.467773 -2.527693 -0.483305 101.352737
8428.864258 -6104.409180 -1.502209 -2.074133 153.179520
10368.695312 -1601.118652 -0.389275 -2.520794 169.078354
-10413.274414 -2020.328369 -0.483133 2.490270 186.346237
-10694.288086 -603.442871 -0.142181 2.520344 136.794220
2530.973633 -10488.667969 -2.444999 -0.589941 195.540497
-1616.068604 -10779.721680 -2.474739 0.371020 185.396545
10667.382812 -2637.862549 -0.598307 -2.419404 165.002365
11028.407227 1136.434692 0.254289 -2.468180 181.729202
-9263.876953 6269.993652 1.384575 2.045675 183.606125
9136.747070 6626.349121 1.443762 -1.990764 164.080383
6054.520508 -9662.418945 -2.073198 -1.299157 142.127502
10710.313477 4169.644531 0.884082 -2.270960 132.198090
4067.509766 -10851.996094 -2.272501 -0.851734 129.809967
-4727.477539 -10702.683594 -2.209386 0.975909 182.887589
6380.171875 -9925.138672 -2.023319 -1.300519 133.811249
-6833.348633 9735.803711 1.960760 1.376197 112.620407
-11807.822266 2216.519531 0.439764 2.342641 185.289597
-11885.108398 -2315.570312 -0.454011 2.330435 181.480865
-10964.783203 -5357.504883 -1.038260 2.124901 183.116669
-8551.107422 -8831.396484 -1.692855 1.639106 123.668198
2719.130859 12103.855469 2.288621 -0.514145 133.660400
-12471.419922 586.042786 0.109769 2.335589 117.612389
-8402.271484 -9381.566406 -1.734203 1.553223 123.524811
7887.161621 9939.978516 1.816832 -1.441638 104.273872
-9980.862305 -8012.503418 -1.445668 1.800827 172.689346
11537.155273 -5777.490234 -1.029876 -2.056550 156.825455
10258.926758 -7982.206543 -1.407204 -1.808557 191.583771
-5515.128418 -11874.709961 -2.070791 0.961784 138.655029
-4309.474121 12463.898438 2.150134 0.743412 191.745026
-12180.152344 -5329.217773 -0.908291 2.075862 149.008163
10.908308 13405.081055 2.256460 -0.001833 111.797218
-502.176819 13501.032227 2.246203 0.083529 133.291702
-12636.026367 -4994.897461 -0.823875 2.084335 182.569946
-4808.837891 -12816.232422 -2.090693 0.784482 145.978195
7084.146973 11855.174805 1.908378 -1.140383 160.310699
987.171997 -13862.458008 -2.210572 -0.157412 121.107941
3324.241943 13594.502930 2.145229 -0.524584 113.766464
-13956.290039 2054.040283 0.320280 2.176246 103.288643
-12739.694336 -6281.584961 -0.969471 1.965915 171.403671
11849.911133 -7984.430176 -1.221314 -1.812557 101.717690
-12811.383789 -6558.171387 -0.992248 1.938772 158.311081
-12752.231445 6906.504883 1.033177 1.907650 183.311340
-14596.192383 -167.929596 -0.024857 2.162273 108.916557
-10377.480469 -10426.888672 -1.526743 1.519524 164.936707
-14630.498047 2227.160156 0.323243 2.123141 134.259369
11748.930664 -9172.398438 -1.316877 -1.686752 150.695786
1934.042969 14884.380859 2.114726 -0.274796 126.866371
14377.232422 -4649.967773 -0.653981 -2.022260 148.060730
-12886.616211 -8064.324707 -1.124059 1.796262 195.759705
-3093.091553 -14986.566406 -2.068398 0.426908 153.079987
15000.741211 -3439.116211 -0.470601 -2.052769 143.689758
-14928.132812 -4226.521973 -0.571368 2.018151 101.249413
14793.264648 -4912.466309 -0.659550 -1.985909 143.371353
6155.398926 -14450.715820 -1.917878 -0.816928 193.580368
-3202.797607 15459.059570 2.036077 0.421831 156.150360
15437.235352 -3818.787842 -0.497565 -2.011124 103.770653
2841.433838 -15756.464844 -2.032025 -0.366458 193.266708
-11145.585938 -11611.465820 -1.485662 1.426085 116.222290
5742.998047 15141.202148 1.919597 -0.728108 111.292450
2349.388428 -16139.588867 -2.024363 -0.294640 170.222198
15126.498047 -6317.659668 -0.786440 -1.883080 142.019714
15105.981445 -6620.725586 -0.816627 -1.863027 138.482193
16460.316406 2196.193604 0.268117 -2.009591 192.901367
681.352783 -16690.353516 -2.019744 -0.082437 187.847137
8529.541016 -14463.333984 -1.736705 -1.024181 169.297729
-14819.198242 8107.951660 0.964847 1.763461 197.563843
-2591.115234 16791.468750 1.980907 0.305661 193.753418
-13255.377930 -10795.215820 -1.261835 1.549397 171.632904
13964.738281 -10038.593750 -1.162829 -1.617589 134.490952
-2825.928711 -17057.025391 -1.960197 0.324763 153.731232
17309.953125 -1788.853516 -0.203599 -1.970000 131.071442
-698.234924 17499.759766 1.972596 0.078694 124.822678
17113.765625 -4157.623535 -0.464777 -1.913032 118.296257
-14050.723633 -10777.161133 -1.194852 1.557845 120.408745
6283.097656 -16652.818359 -1.832233 -0.691287 196.096863
17059.794922 5413.000977 0.590609 -1.861411 179.619965
3085.858398 17729.548828 1.918682 -0.333940 121.673843
-16883.996094 -6487.783691 -0.696769 1.813326 149.124863
18177.316406 865.940125 0.092142 -1.934507 110.033737
9945.840820 15378.057617 1.621050 -1.048434 100.160187
-2343.239258 -18243.501953 -1.910686 0.245437 172.584198
-7257.697266 -17017.818359 -1.766828 0.753510 170.995529
-16782.189453 -8034.477051 -0.827051 1.727563 196.643570
-9506.997070 16117.445312 1.645034 0.970331 192.899689
4815.316406 -18184.503906 -1.841396 -0.487594 153.344269
3105.395264 18648.351562 1.874319 -0.312140 134.127640
-15835.064453 -10521.096680 -1.048598 1.578174 139.020462
-8195.295898 -17248.449219 -1.707615 0.811372 161.289459
14738.045898 12304.745117 1.208413 -1.447381 117.156898
16966.294922 9198.551758 0.896340 -1.653272 117.915237
-12169.650391 15096.984375 1.460686 1.177449 133.786682
14635.590820 -12904.951172 -1.236979 -1.402846 106.790932
-16194.309570 -11061.447266 -1.052213 1.540569 175.410187
-19672.445312 -1206.051636 -0.113868 1.857473 132.545807
-14857.284180 13081.218750 1.227090 1.393689 166.044937
18652.851562 6950.169434 0.646543 -1.735226 145.205307
18786.445312 -6823.688477 -0.630912 -1.736938 167.590759
-9054.141602 17951.664062 1.645128 0.829726 126.954720
6717.312988 -19061.916016 -1.733260 -0.610778 194.930084
-4500.800781 19780.652344 1.788582 0.406960 106.007782
-20375.304688 926.787781 0.083132 1.827456 113.919060
-17309.207031 10980.716797 0.977521 1.540882 149.735367
-5587.996094 19818.298828 1.752368 0.494089 138.279373
16237.625000 12839.878906 1.126289 -1.424354 197.847336
-19867.871094 6125.120605 0.533815 1.731501 148.847992
13331.486328 16101.422852 1.391830 -1.152406 187.378220
4261.286621 20557.439453 1.765570 -0.365983 193.057983
17644.179688 -11575.831055 -0.986568 -1.503734 187.561111
2617.324463 -21038.835938 -1.780573 -0.221498 120.012489
7950.073730 -19763.761719 -1.660704 -0.668003 100.445824
7850.244629 19915.646484 1.661254 -0.654781 129.021317
-14010.993164 -16297.065430 -1.351355 1.161806 178.323166
11339.689453 -18387.990234 -1.512958 -0.933012 119.346893
-14323.260742 16305.016602 1.332366 1.170415 148.736069
-20652.400391 -6940.415527 -0.563824 1.677784 159.390411
7963.035645 20415.599609 1.644222 -0.641393 104.654144
-21997.966797 -772.727051 -0.061807 1.759868 118.654930
18645.111328 11879.175781 0.944139 -1.481909 140.413223
-15825.714844 -15588.456055 -1.230095 1.248833 131.218506
4474.604004 21860.693359 1.713449 -0.350741 108.227646
21320.408203 -6846.225586 -0.533799 -1.662301 189.355911
9401.690430 20426.328125 1.582655 -0.728471 108.389961
6198.788574 -21724.898438 -1.671481 -0.476908 172.120743
-17137.478516 14896.145508 1.137424 1.308551 155.958420
-22283.224609 4800.206055 0.364418 1.691647 192.448822
-20076.945312 11006.048828 0.829994 1.514040 147.636887
-7759.567383 21653.003906 1.621669 0.581129 166.727905
21211.679688 9181.429688 0.682619 -1.577070 117.312637
22900.746094 3669.467041 0.271414 -1.693918 126.345818
23244.738281 -1534.533691 -0.112768 -1.708024 188.757507
762.719238 23379.705078 1.707288 -0.055688 110.555496
-4828.812500 22993.078125 1.668082 0.350305 105.658836
-23489.119141 -2138.849854 -0.154250 1.694147 123.802910
2441.154541 23577.042969 1.687927 -0.174778 103.267075
-22800.347656 -6828.117676 -0.485817 1.622285 141.898666
19801.873047 -13356.059570 -0.945291 -1.401478 188.545685
-22911.224609 7163.932129 0.503241 1.609398 130.586334
-19673.900391 13937.191406 0.972629 1.372957 161.078598
-12434.374023 -20747.449219 -1.440889 0.863566 167.583588
24276.205078 1370.393066 0.094419 -1.672811 170.113815
461.736847 24383.648438 1.672660 -0.031695 169.115067
-22233.376953 -10267.584961 -0.699938 1.515670 193.608688
-18746.394531 -15924.136719 -1.078463 1.269617 121.917831
5372.827637 24106.347656 1.622611 -0.361662 173.389389
-1224.375366 -24780.179688 -1.656582 0.081852 196.759430
-653.822144 -24898.390625 -1.654934 0.043480 151.418365
-21660.714844 12454.760742 0.823885 1.432833 142.020340
-1751.602295 25043.291016 1.644900 0.115037 187.220276
-17085.187500 18516.791016 1.209721 1.116184 127.431404
-16569.376953 19100.429688 1.241075 1.076598 193.872208
-24771.767578 5643.630859 0.364108 1.598130 194.770370
-18423.121094 -17637.265625 -1.131290 1.181716 119.481766
