0.212666 -0.967021 -0.036304 -0.086506 113761.460938
-94.874916 64.341324 12.905442 20.163868 111.308212
-186.251373 35.378853 3.415701 18.661818 173.409958
222.858246 202.049713 10.179918 -11.177479 159.099503
-274.740204 -288.957245 -9.682510 8.942146 191.520782
-356.061981 -332.824951 -7.981445 8.686331 170.696487
-452.013306 -385.376953 -6.749858 8.239515 148.130722
-190.653564 -663.925781 -9.572405 2.789024 194.170151
-795.416077 -128.453278 -1.443868 9.077510 103.165443
881.325256 158.610092 1.542326 -8.600431 185.938095
315.183044 -942.432800 -7.878428 -2.614375 173.760864
-219.758530 -1074.804077 -7.722492 1.611456 101.283791
1106.167603 -437.262817 -2.776489 -7.032971 112.451584
-1298.329102 -150.499481 -0.819071 7.181903 191.232452
1359.406616 -352.447998 -1.776641 -6.749781 118.881142
1282.010986 770.539978 3.478302 -5.801871 192.330658
-1561.124756 394.701569 1.598913 6.307539 162.024399
-746.133362 -1536.860107 -5.677314 2.771447 128.995697
-1345.616577 1209.780273 4.105720 4.565731 104.166557
-105.939781 -1902.214966 -5.977244 0.344753 160.375519
1917.562988 558.879944 1.631225 -5.620090 166.316452
-2036.984985 500.829681 1.376615 5.535396 149.151031
-1675.819824 -1427.593262 -3.603981 4.244201 123.266533
-1398.504028 1824.639771 4.310642 3.306661 119.349258
2398.839355 167.176132 0.378423 -5.317042 172.973022
-1764.857544 1773.731934 3.716459 3.682485 170.565781
491.269958 2543.841309 5.038049 -0.977514 180.622543
2697.137695 109.216347 0.179036 -5.019372 127.991821
1260.731689 -2501.025391 -4.409549 -2.220099 197.010681
-2888.639404 -37.758301 -0.056724 4.860594 136.456161
2610.222412 -1496.644653 -2.373063 -4.139780 111.608902
-1745.972412 2553.751221 3.871934 2.641558 117.057335
2561.991455 -1918.178467 -2.770347 -3.687402 164.109695
-2152.559570 2509.543213 3.462017 2.952845 126.175911
3379.677490 354.659027 0.463520 -4.459012 162.355515
-2907.200439 -1929.806152 -2.443326 3.687777 164.169266
907.007812 -3497.965576 -4.195872 -1.088859 102.313652
-639.589783 3636.190430 4.236742 0.743272 124.919418
1311.235718 -3557.117188 -3.987216 -1.465780 126.156708
3615.888672 -1466.662598 -1.577289 -3.874297 109.190971
-390.750153 -3986.407959 -4.106600 0.406852 159.960312
4071.475098 566.084961 0.557828 -4.036246 152.225586
-4057.621338 -1083.817749 -1.037118 3.895286 187.270584
-135.583038 4305.619629 3.980727 0.124744 177.546890
-1415.821533 -4162.207520 -3.727253 1.272730 114.286964
2554.382568 -3687.372314 -3.209221 -2.222043 116.371933
1454.589600 -4349.658203 -3.648780 -1.222049 176.132477
4570.415039 1069.328247 0.865374 -3.718458 155.592972
258.944977 4794.682617 3.761284 -0.209707 183.749146
1822.870483 -4553.009766 -3.473033 -1.376372 164.767548
-4991.129395 114.986099 0.087841 3.695504 159.023682
-3068.568604 4083.774902 2.920059 2.195729 132.834000
3046.765869 -4219.200684 -2.941274 -2.116598 135.349548
-4110.406250 -3341.988037 -2.264181 2.787701 189.836853
5393.221680 -305.287140 -0.203444 -3.545890 115.645157
5479.876953 543.358704 0.343219 -3.505283 185.747498
5165.670898 2161.330322 1.345629 -3.224955 170.709641
-3609.961426 4393.372070 2.681267 2.196377 151.154114
5044.806641 -2884.880371 -1.702024 -2.973182 155.072769
-5377.613281 -2429.242676 -1.397157 3.098810 179.476257
2448.185303 -5465.232422 -3.082588 -1.375060 160.820755
-5168.760742 -3236.379883 -1.772859 2.839622 110.715172
630.546387 6176.909668 3.301784 -0.339012 146.216827
-3588.468750 -5185.361816 -2.705009 1.874826 131.435425
1327.432007 6271.694824 3.187675 -0.678709 192.546860
6094.670410 -2277.769287 -1.133574 -3.033421 191.906662
-5992.448730 2760.233643 1.345834 2.918879 193.684067
-6631.470215 1042.692749 0.496904 3.150770 100.192749
-4221.913086 5329.915527 2.484948 1.964872 136.352112
5182.476074 -4545.295410 -2.075840 -2.365491 128.318878
7007.856934 227.180176 0.098112 -3.119072 185.284012
-6801.099121 2089.194824 0.912659 2.960156 167.207840
-171.462341 7196.573730 3.079549 0.070139 126.315933
6990.846191 -2129.761475 -0.893210 -2.927287 149.878876
2681.031006 -6903.489746 -2.830319 -1.096162 115.443581
-7428.506348 -1058.232300 -0.434366 2.987719 137.296982
7116.218262 -2672.354248 -1.058069 -2.797560 131.811035
5442.958496 -5448.668457 -2.107796 -2.100657 175.118210
-4902.467773 6082.774414 2.303813 1.851838 122.811478
-5204.798340 -5931.047852 -2.209895 1.941991 158.639984
-7915.963379 -1059.322876 -0.385800 2.909149 147.371277
-8074.917480 -716.690247 -0.248649 2.877762 148.029037
8058.533691 -1593.568237 -0.563028 -2.828346 193.447266
-600.888672 -8277.788086 -2.859787 0.209145 118.975510
-7681.520996 3409.492920 1.158538 2.602769 114.450638
8107.720215 2503.528564 0.840965 -2.711355 195.517792
-7010.509277 -4972.499512 -1.629666 2.299776 147.924469
5055.894531 7064.743652 2.278556 -1.629127 142.380310
8016.759766 3615.449707 1.145190 -2.544021 130.039429
-937.161255 8862.488281 2.752504 0.288742 165.974564
-3779.818359 8163.520508 2.500190 1.155553 129.662003
8772.181641 2459.597656 0.733335 -2.639008 181.922485
9034.130859 1783.799438 0.524167 -2.667967 133.471191
-9260.667969 -997.636108 -0.288417 2.693225 130.524918
5130.162109 7863.023438 2.254875 -1.472484 104.519127
4481.971191 8361.848633 2.370171 -1.267715 148.000656
-9599.499023 -201.527039 -0.053961 2.662192 152.876190
-8320.978516 -5012.944824 -1.366323 2.271318 112.829788
7822.271484 -5892.589355 -1.585700 -2.109493 128.054214
2754.484619 -9522.828125 -2.515580 -0.731537 134.901566
5013.133789 8643.389648 2.256574 -1.317276 161.690750
10022.613281 1134.489746 0.290971 -2.584352 193.705765
3365.006348 -9625.404297 -2.447456 -0.853484 198.154449
1885.402466 -10131.914062 -2.523880 -0.470721 101.352737
8398.975586 -6145.379883 -1.516747 -2.064477 153.179520
10360.848633 -1651.023438 -0.403301 -2.520087 169.078354
-10422.710938 -1970.987183 -0.470024 2.493661 186.346237
-10696.951172 -553.547607 -0.127023 2.519590 136.794220
2482.534668 -10500.188477 -2.447817 -0.573650 195.540497
-1665.049561 -10772.252930 -2.472839 0.383581 185.396545
10655.402344 -2685.723145 -0.611477 -2.414986 165.002365
11033.285156 1087.552612 0.238601 -2.469386 181.729202
-9236.364258 6310.429688 1.394428 2.038850 183.606125
9165.236328 6586.857910 1.434017 -1.998224 164.080383
6013.479980 -9688.102539 -2.072747 -1.294986 142.127502
10727.705078 4124.629883 0.872517 -2.275995 132.198090
4022.461914 -10868.733398 -2.277712 -0.839354 129.809967
-4771.189941 -10683.270508 -2.205714 0.985070 182.887589
6339.974609 -9950.735352 -2.036894 -1.285294 133.811249
-6794.464355 9762.964844 1.966963 1.367426 112.620407
-11799.013672 2262.874023 0.449955 2.339561 185.289597
-11893.984375 -2269.412109 -0.442340 2.332178 181.480865
-10985.271484 -5315.389648 -1.031610 2.128915 183.116669
-8584.555664 -8798.912109 -1.685943 1.642394 123.668198
2764.425537 12093.583008 2.286610 -0.523169 133.660400
-12469.139648 632.281677 0.120211 2.335001 117.612389
-8436.568359 -9350.699219 -1.729913 1.565049 123.524811
7923.072754 9911.361328 1.810464 -1.448898 104.273872
-10009.420898 -7976.788574 -1.438691 1.806552 172.689346
11516.686523 -5818.171387 -1.038020 -2.052858 156.825455
10231.006836 -8017.957520 -1.413633 -1.802644 191.583771
-5556.083496 -11855.589844 -2.066085 0.969878 138.655029
-4266.870117 12478.540039 2.153084 0.735283 191.745026
-12198.124023 -5288.066895 -0.905449 2.080769 149.008163
55.531792 13404.967773 2.251016 -0.009082 111.797218
-457.650513 13502.596680 2.251353 0.074449 133.291702
-12652.208008 -4953.652344 -0.810942 2.081849 182.569946
-4850.215820 -12800.612305 -2.088586 0.793522 145.978195
7121.890137 11832.518555 1.904242 -1.147442 160.310699
943.400269 -13865.500000 -2.210609 -0.149668 121.107941
3366.695557 13584.033203 2.142967 -0.532341 113.766464
-13949.890625 2097.119629 0.325743 2.175272 103.288643
-12758.845703 -6242.830566 -0.966952 1.948840 171.403671
11825.663086 -8020.280762 -1.228404 -1.809015 101.717690
-12830.892578 -6519.502930 -0.978338 1.966861 158.311081
-12731.708984 6944.239746 1.039207 1.904221 183.311340
-14596.605469 -125.115097 -0.016575 2.162411 108.916557
-10407.663086 -10396.750000 -1.522279 1.524957 164.936707
-14623.997070 2269.176514 0.333399 2.120881 134.259369
11722.796875 -9205.732422 -1.322539 -1.680892 150.695786
1975.907593 14878.866211 2.113948 -0.282003 126.866371
14364.277344 -4690.026855 -0.653619 -2.023691 148.060730
-12908.811523 -8028.709473 -1.118097 1.801178 195.759705
-3134.031250 -14978.043945 -2.067033 0.433406 153.079987
14991.375977 -3479.792236 -0.474890 -2.055835 143.689758
-14939.377930 -4186.544922 -0.563866 2.019058 101.249413
14780.092773 -4951.727051 -0.671291 -1.980023 143.371353
6117.400879 -14466.833984 -1.920311 -0.811473 193.580368
-3162.466797 15467.355469 2.037897 0.416475 156.150360
15427.274414 -3858.579590 -0.508579 -2.008365 103.770653
2801.148682 -15763.706055 -2.037109 -0.363482 193.266708
-11174.969727 -11583.173828 -1.481692 1.431882 116.222290
5780.982910 15126.732422 1.917246 -0.733701 111.292450
2309.340820 -16145.327148 -2.020847 -0.285038 170.222198
15110.858398 -6355.084961 -0.793795 -1.897103 142.019714
15089.764648 -6657.396484 -0.821243 -1.841335 138.482193
16465.537109 2156.393799 0.262371 -2.010462 192.901367
641.369873 -16691.900391 -2.018939 -0.076029 187.847137
8495.123047 -14483.564453 -1.740177 -1.019439 169.297729
-14800.042969 8142.840332 0.969859 1.760797 197.563843
-2551.887451 16797.462891 1.981768 0.299501 193.753418
-13280.321289 -10764.493164 -1.259944 1.553418 171.632904
13941.667969 -10070.594727 -1.167338 -1.614020 134.490952
-2864.727539 -17050.544922 -1.958795 0.329643 153.731232
17305.892578 -1827.863770 -0.209560 -1.970021 131.071442
-659.179260 17501.298828 1.972413 0.073062 124.822678
17104.484375 -4195.481934 -0.471390 -1.911963 118.296257
-14074.318359 -10746.283203 -1.188311 1.561407 120.408745
6246.795410 -16666.464844 -1.834309 -0.686469 196.096863
17071.396484 5376.122559 0.586001 -1.862884 179.619965
3123.839600 17722.970703 1.917868 -0.336968 121.673843
-16897.724609 -6451.867188 -0.691359 1.813913 149.124863
18179.056641 827.633911 0.086566 -1.934802 110.033737
9977.934570 15357.271484 1.618576 -1.052154 100.160187
-2381.065186 -18238.583984 -1.910334 0.251760 172.584198
-7292.695312 -17002.886719 -1.766932 0.757735 170.995529
-16798.501953 -8000.249023 -0.822046 1.729892 196.643570
-9474.416016 16136.617188 1.647143 0.966739 192.899689
4778.868164 -18194.136719 -1.841945 -0.482499 153.344269
3142.496094 18642.142578 1.873730 -0.318023 134.127640
-15855.824219 -10489.869141 -1.046909 1.577016 139.020462
-8229.062500 -17232.367188 -1.703632 0.816253 161.289459
14761.925781 12276.045898 1.206187 -1.449726 117.156898
16984.035156 9165.777344 0.892617 -1.655298 117.915237
-12140.719727 15120.284180 1.462949 1.174584 133.786682
14611.059570 -12932.698242 -1.239988 -1.399674 106.790932
-16215.074219 -11030.875977 -1.046043 1.546666 175.410187
-19674.642578 -1169.269165 -0.109668 1.857850 132.545807
-14832.956055 13108.772461 1.229636 1.391388 166.044937
18665.613281 6915.799805 0.642224 -1.736805 145.205307
18773.876953 -6858.058105 -0.635180 -1.735393 167.590759
-9021.560547 17968.099609 1.646732 0.825571 126.954720
6682.990234 -19073.923828 -1.734659 -0.606625 194.930084
-4465.391113 19788.660156 1.788100 0.402947 106.007782
-20373.564453 962.965393 0.087222 1.826854 113.919060
-17289.871094 11011.190430 0.980647 1.539142 149.735367
-5553.283691 19828.011719 1.754314 0.490270 138.279373
16259.885742 12811.648438 1.123177 -1.426885 197.847336
-19857.236328 6159.393555 0.537095 1.730417 148.847992
13359.040039 16078.590820 1.389519 -1.155235 187.378220
4296.236328 20550.103516 1.764840 -0.369295 193.057983
17624.650391 -11605.608398 -0.989852 -1.501695 187.561111
2582.060547 -21043.167969 -1.780812 -0.217209 120.012489
7917.166016 -19776.910156 -1.663452 -0.663718 100.445824
7883.115723 19902.691406 1.661055 -0.653334 129.021317
-14037.746094 -16274.047852 -1.349612 1.164777 178.323166
11309.718750 -18406.382812 -1.515114 -0.929792 119.346893
-14296.867188 16328.159180 1.334262 1.167780 148.736069
-20663.548828 -6907.192383 -0.560365 1.678726 159.390411
7995.568359 20402.818359 1.641961 -0.650234 104.654144
-21999.126953 -737.880066 -0.057895 1.759832 118.654930
18663.777344 11849.786133 0.940882 -1.483748 140.413223
-15850.058594 -15563.706055 -1.227521 1.251120 131.218506
4508.531738 21853.732422 1.712518 -0.355239 108.227646
21309.773438 -6879.141113 -0.537595 -1.661300 189.355911
9433.014648 20411.826172 1.579966 -0.731657 108.389961
6165.675781 -21734.333984 -1.672359 -0.472809 172.120743
-17114.878906 14922.055664 1.139609 1.306525 155.958420
-22275.982422 4833.705566 0.367666 1.691368 192.448822
-20060.509766 11036.019531 0.832867 1.513016 147.636887
-7727.444824 21664.416016 1.622989 0.577847 166.727905
21225.214844 9150.202148 0.679419 -1.578319 117.312637
22906.134766 3635.919189 0.268133 -1.694696 126.345818
23242.417969 -1568.347412 -0.116201 -1.707669 188.757507
796.520874 23378.544922 1.707075 -0.057235 110.555496
-4795.792969 23000.039062 1.668747 0.346873 105.658836
-23492.167969 -2105.302002 -0.150502 1.694615 123.802910
2474.566650 23573.562500 1.687136 -0.178178 103.267075
-22809.947266 -6795.973633 -0.482112 1.622909 141.898666
19783.117188 -13383.806641 -0.948107 -1.399627 188.545685
-22901.169922 7195.788086 0.506083 1.608063 130.586334
-19654.564453 13964.358398 0.975164 1.371130 161.078598
-12462.894531 -20730.289062 -1.439546 0.866308 167.583588
24278.039062 1337.268188 0.091076 -1.673046 170.113815
494.857635 24382.984375 1.672896 -0.036031 169.115067
-22247.216797 -10237.547852 -0.697030 1.517049 193.608688
-18767.664062 -15899.000000 -1.076062 1.271044 121.917831
5404.940430 24099.193359 1.621668 -0.365063 173.389389
-1257.121582 -24778.548828 -1.651170 0.083890 196.759430
-686.655396 -24897.443359 -1.661495 0.047990 151.418365
-21644.363281 12483.087891 0.826897 1.431494 142.020340
-1719.026611 25045.580078 1.645570 0.111784 187.220276
-17061.210938 18538.833984 1.213943 1.116919 127.431404
-16544.820312 19121.699219 1.241048 1.072625 193.872208
-24764.539062 5675.270996 0.367493 1.597700 194.770370
-18445.550781 -17613.869141 -1.129393 1.184049 119.481766
