256
0.000000 0.000000 0.000000 0.000000 113761.461789
85.859322 72.514843 15.901635 -18.827919 111.308215
44.619731 -186.321956 -18.355974 -4.395824 173.409959
-49.808619 298.130185 14.821875 2.476291 159.099501
-39.657412 -396.210954 -13.027558 1.303950 191.520779
-160.969323 -461.470352 -11.158383 3.892249 170.696492
-289.273071 -521.313809 -9.356023 5.191586 148.130723
5.767647 -691.470817 -9.934903 -0.082868 194.170157
-746.105793 -305.235121 -3.484189 8.516627 103.165446
834.092062 326.482364 3.181854 -8.128950 185.938102
467.512949 -877.293569 -7.312745 -3.896989 173.760864
-63.547329 -1095.639843 -7.873093 0.456641 101.283787
1152.763263 -293.354753 -1.868174 -7.341155 112.451582
-1273.997603 -292.900787 -1.619063 7.042256 191.232457
1387.988565 -215.968587 -1.071749 -6.887922 118.881142
1207.347330 883.191271 3.988178 -5.451951 192.330658
-1587.988309 267.362915 1.080933 6.420144 162.024404
-630.583641 -1587.967949 -5.874330 2.332702 128.995699
-1424.608206 1115.761257 3.786976 4.835225 104.166558
13.723724 -1905.271097 -5.985190 -0.043111 160.375521
1881.659738 670.192706 1.961370 -5.506819 166.316447
-2061.376041 389.404626 1.058809 5.604976 149.151028
-1601.579853 -1510.579281 -3.820482 4.050636 123.266533
-1483.270865 1756.424965 4.163050 3.515624 119.349256
2389.021646 273.300988 0.605549 -5.293319 172.973023
-1837.503443 1698.558137 3.545226 3.835232 170.565775
390.137518 2561.368246 5.074190 -0.772881 180.622536
2691.463244 209.553659 0.390317 -5.013147 127.991823
1348.116058 -2455.074819 -4.327142 -2.376094 197.010681
-2885.818701 -134.928614 -0.227019 4.855427 136.456164
2656.340789 -1413.198417 -2.237031 -4.204871 111.608901
-1822.659086 2499.669253 3.795396 2.767451 117.057337
2616.310846 -1843.557341 -2.660017 -3.775002 164.109688
-2220.854661 2449.502211 3.366035 3.051835 126.175911
3369.199091 443.689350 0.585143 -4.443340 162.355508
-2857.387742 -2002.910886 -2.538621 3.621641 164.169259
990.767437 -3475.170200 -4.179565 -1.191590 102.313655
-724.125481 3620.333998 4.216206 0.843310 124.919420
1390.589301 -3526.903067 -3.947399 -1.556383 126.156711
3646.557891 -1388.834709 -1.488604 -3.908514 109.190974
-308.524680 -3993.665394 -4.115752 0.317956 159.960312
4059.494589 646.692835 0.641063 -4.024152 152.225586
-4036.107753 -1161.516634 -1.114905 3.874139 187.270586
-215.149236 4302.391741 3.975619 0.198808 177.546892
-1341.024692 -4186.960814 -3.752453 1.201858 114.286961
2618.155250 -3642.388558 -3.167455 -2.276772 116.371936
1527.455407 -4324.595092 -3.637542 -1.284787 176.132473
4552.478091 1143.501394 0.928987 -3.698461 155.592978
183.655627 4798.228731 3.767523 -0.144205 183.749148
1892.024311 -4524.860160 -3.441806 -1.439156 164.767541
-4992.318793 41.055563 0.030407 3.697431 159.023678
-3126.679557 4039.446166 2.890673 2.237487 132.834006
3105.245539 -4176.430066 -2.906233 -2.160833 135.349553
-4064.747524 -3397.410614 -2.301985 2.754152 189.836852
5396.802354 -234.314593 -0.154189 -3.551334 115.645158
5472.528311 613.400542 0.392165 -3.498747 185.747493
5138.341901 2225.620703 1.387664 -3.203733 170.709634
-3663.276490 4349.091062 2.649874 2.232012 151.154115
5078.492096 -2825.200801 -1.666084 -2.994900 155.072762
-5349.287233 -2491.064574 -1.435767 3.083152 179.476254
2509.667224 -5437.337230 -3.065307 -1.414828 160.820755
-5132.970360 -3292.938061 -1.806466 2.815886 110.715168
564.508889 6183.317928 3.301861 -0.301445 146.216828
-3534.172497 -5222.552992 -2.724751 1.843876 131.435424
1263.565558 6284.917620 3.199020 -0.643154 192.546867
6117.045279 -2216.984932 -1.103633 -3.045114 191.906664
-6019.080362 2701.701678 1.317135 2.934424 193.684074
-6641.095683 979.639362 0.465338 3.154582 100.192751
-4271.416708 5290.365375 2.465160 1.990359 136.352116
5223.769168 -4497.796650 -2.053193 -2.384591 128.318880
7005.590908 289.545725 0.128845 -3.117417 185.284017
-6819.066121 2029.907304 0.883704 2.968625 167.207838
-233.035078 7194.878612 3.077655 0.099682 126.315931
7008.443267 -2071.180226 -0.866136 -2.930823 149.878881
2737.543871 -6881.308850 -2.820864 -1.122205 115.443579
-7419.670247 -1117.934742 -0.449367 2.982422 137.296986
7137.115734 -2616.244889 -1.031337 -2.813487 131.811038
5484.936632 -5406.461305 -2.089856 -2.120191 175.118209
-4948.380176 6045.534295 2.287304 1.872200 122.811475
-5160.451127 -5969.702647 -2.224996 1.923376 158.639985
-7908.019059 -1117.362518 -0.409004 2.894681 147.371280
-8069.662495 -774.351449 -0.277168 2.888418 148.029037
8069.559479 -1536.968365 -0.539332 -2.831662 193.447263
-543.674567 -8281.762372 -2.861615 0.187857 118.975512
-7704.492765 3357.340056 1.138472 2.612589 114.450635
8090.762358 2557.686350 0.854892 -2.704291 195.517791
-6977.759021 -5018.377603 -1.645399 2.287830 147.924471
5010.210579 7097.201109 2.289912 -1.616545 142.380309
7993.695201 3666.214499 1.161413 -2.532307 130.039422
-992.189506 8856.521095 2.750294 0.308113 165.974570
-3829.745958 8140.240441 2.492450 1.172625 129.662009
8757.304531 2512.299338 0.754793 -2.631038 181.922492
9023.457618 1837.156370 0.543163 -2.667824 133.471188
-9254.732765 -1051.466427 -0.305594 2.689761 130.524924
5084.948089 7892.353590 2.266616 -1.460353 104.519125
4434.559208 8387.063381 2.371220 -1.253754 148.000658
-9598.258247 -254.801897 -0.070755 2.665309 152.876188
-8293.515051 -5058.288068 -1.380244 2.263033 112.829789
7853.898996 -5850.323169 -1.577085 -2.117194 128.054211
2804.808399 -9508.088749 -2.516798 -0.742435 134.901572
4967.892076 8669.558452 2.267712 -1.299460 161.690750
10016.645145 1186.167217 0.305914 -2.583308 193.705763
3413.861642 -9608.211283 -2.437967 -0.866226 198.154449
1935.918132 -10122.371179 -2.527731 -0.483432 101.352739
8429.164779 -6103.993927 -1.502060 -2.074234 153.179514
10368.773051 -1600.614556 -0.389133 -2.520802 169.078353
-10413.178047 -2020.826427 -0.483265 2.490233 186.346244
-10694.259869 -603.946982 -0.142334 2.520349 136.794223
2531.462600 -10488.549592 -2.444970 -0.590106 195.540500
-1615.573630 -10779.795503 -2.474759 0.370893 185.396551
10667.503307 -2637.378722 -0.598173 -2.419451 165.002360
11028.356760 1136.928286 0.254447 -2.468166 181.729207
-9264.153811 6269.584264 1.384475 2.045748 183.606128
9136.458090 6626.747107 1.443862 -1.990687 164.080388
6054.935248 -9662.158715 -2.073198 -1.299201 142.127498
10710.136843 4170.098469 0.884200 -2.270906 132.198093
4067.964397 -10851.825947 -2.272446 -0.851860 129.809964
-4727.035769 -10702.879102 -2.209427 0.975816 182.887581
6380.576670 -9924.878480 -2.023177 -1.300675 133.811254
-6833.740818 9735.528011 1.960696 1.376288 112.620405
-11807.909780 2216.051121 0.439661 2.342673 185.289603
-11885.017185 -2316.036319 -0.454129 2.330415 181.480858
-10964.574722 -5357.929741 -1.038329 2.124858 183.116662
-8550.768196 -8831.724388 -1.692926 1.639071 123.668201
2718.672993 12103.957814 2.288643 -0.514053 133.660401
-12471.441693 585.575709 0.109664 2.335595 117.612385
-8401.925277 -9381.877371 -1.734247 1.553102 123.524812
7886.798402 9940.266459 1.816898 -1.441562 104.273870
-9980.573653 -8012.863659 -1.445740 1.800768 172.689348
11537.361496 -5777.078907 -1.029792 -2.056590 156.825458
10259.207860 -7981.844506 -1.407137 -1.808618 191.583770
-5514.714490 -11874.902111 -2.070842 0.961701 138.655036
-4309.904216 12463.750359 2.150102 0.743495 191.745020
-12179.970722 -5329.633053 -0.908320 2.075810 149.008168
10.457016 13405.080889 2.256515 -0.001760 111.797222
-502.626057 13501.015851 2.246151 0.083621 133.291695
-12635.861007 -4995.314340 -0.824006 2.084358 182.569940
-4808.419702 -12816.389295 -2.090717 0.784390 145.978201
7083.765149 11855.403765 1.908423 -1.140309 160.310700
987.614113 -13862.426489 -2.210571 -0.157490 121.107938
3323.812897 13594.607480 2.145254 -0.524504 113.766466
-13956.354838 2053.604860 0.320225 2.176257 103.288643
-12739.499677 -6281.978110 -0.969497 1.966085 171.403676
11850.155659 -7984.067905 -1.221240 -1.812595 101.717692
-12811.185129 -6558.559201 -0.992389 1.938486 158.311081
-12752.438365 6906.123697 1.033114 1.907687 183.311340
-14596.187017 -168.362048 -0.024941 2.162271 108.916561
-10377.174782 -10427.192142 -1.526790 1.519467 164.936709
-14630.562933 2226.735496 0.323140 2.123165 134.259365
11749.193891 -9172.061246 -1.316818 -1.686813 150.695783
1933.619937 14884.435280 2.114735 -0.274723 126.866369
14377.363240 -4649.563654 -0.653984 -2.022248 148.060725
-12886.391293 -8064.684068 -1.124121 1.796210 195.759710
-3092.677935 -14986.650942 -2.068413 0.426842 153.079985
15000.834737 -3438.705640 -0.470558 -2.052740 143.689752
-14928.018589 -4226.925761 -0.571444 2.018140 101.249412
14793.396854 -4912.069189 -0.659431 -1.985970 143.371349
6155.782956 -14450.552536 -1.917851 -0.816984 193.580375
-3203.204846 15458.975206 2.036057 0.421885 156.150359
15437.335340 -3818.385483 -0.497453 -2.011153 103.770649
2841.840325 -15756.391366 -2.031972 -0.366489 193.266703
-11145.289306 -11611.750682 -1.485706 1.426023 116.222292
5742.614289 15141.347853 1.919623 -0.728050 111.292451
2349.793152 -16139.530233 -2.024396 -0.294737 170.222200
15126.655187 -6317.283427 -0.786365 -1.882940 142.019708
15106.144930 -6620.353129 -0.816579 -1.863248 138.482196
16460.263167 2196.595345 0.268175 -2.009580 192.901361
681.756688 -16690.338348 -2.019750 -0.082502 187.847140
8529.889021 -14463.128556 -1.736667 -1.024231 169.297736
-14819.391575 8107.599123 0.964795 1.763490 197.563847
-2591.511429 16791.408551 1.980898 0.305723 193.753413
-13255.126232 -10795.525596 -1.261857 1.549353 171.632898
13964.970836 -10038.270070 -1.162780 -1.617628 134.490946
-2825.536565 -17057.090216 -1.960213 0.324713 153.731232
17309.993760 -1788.459434 -0.203539 -1.970000 131.071448
-698.629461 17499.744618 1.972598 0.078751 124.822675
17113.860341 -4157.240741 -0.464710 -1.913043 118.296255
-14050.484769 -10777.472837 -1.194921 1.557807 120.408748
6283.463677 -16652.679904 -1.832209 -0.691337 196.096864
17059.678529 5413.373263 0.590657 -1.861395 179.619967
3085.474663 17729.614468 1.918691 -0.333909 121.673842
-16883.857012 -6488.146606 -0.696824 1.813318 149.124856
18177.297913 866.327002 0.092198 -1.934504 110.033735
9945.516846 15378.267937 1.621078 -1.048393 100.160188
-2342.857151 -18243.550526 -1.910691 0.245373 172.584201
-7257.343848 -17017.968105 -1.766829 0.753467 170.995524
-16782.022819 -8034.822788 -0.827102 1.727537 196.643572
-9507.325806 16117.251175 1.645011 0.970368 192.899693
4815.684623 -18184.406558 -1.841389 -0.487646 153.344262
3105.020423 18648.414151 1.874326 -0.312081 134.127638
-15834.854019 -10521.412468 -1.048619 1.578184 139.020469
-8194.954387 -17248.612188 -1.707657 0.811322 161.289459
14737.804784 12305.034042 1.208439 -1.447354 117.156898
16966.114718 9198.882424 0.896378 -1.653250 117.915239
-12169.942740 15096.748843 1.460660 1.177482 133.786681
14635.838261 -12904.671288 -1.236945 -1.402881 106.790931
-16194.099473 -11061.756301 -1.052279 1.540506 175.410187
-19672.421948 -1206.423100 -0.113910 1.857469 132.545808
-14857.529071 13080.940753 1.227061 1.393715 166.044935
18652.722829 6950.516744 0.646587 -1.735209 145.205304
18786.571356 -6823.341372 -0.630868 -1.736955 167.590761
-9054.470772 17951.498495 1.645109 0.829769 126.954720
6717.659587 -19061.793163 -1.733244 -0.610821 194.930078
-4501.158777 19780.569504 1.788586 0.407001 106.007781
-20375.321391 926.422299 0.083091 1.827462 113.919062
-17309.402340 10980.408138 0.977488 1.540902 149.735366
-5588.346730 19818.198270 1.752347 0.494128 138.279371
16237.399605 12840.163608 1.126324 -1.424325 197.847330
-19867.978593 6124.774407 0.533780 1.731514 148.847991
13331.207996 16101.653761 1.391856 -1.152374 187.378219
4260.933770 20557.511890 1.765579 -0.365950 193.057981
17644.377331 -11575.530754 -0.986534 -1.503757 187.561118
2617.680656 -21038.790928 -1.780570 -0.221541 120.012486
7950.405864 -19763.628498 -1.660674 -0.668047 100.445823
7849.912560 19915.776723 1.661258 -0.654794 129.021315
-14010.723052 -16297.298252 -1.351376 1.161773 178.323163
11339.992416 -18387.802805 -1.512934 -0.933046 119.346893
-14323.527738 16304.782139 1.332343 1.170445 148.736075
-20652.287395 -6940.751087 -0.563860 1.677773 159.390404
7962.707120 20415.728083 1.644247 -0.641302 104.654142
-21997.955432 -773.079052 -0.061847 1.759868 118.654927
18644.922836 11879.471461 0.944174 -1.481888 140.413227
-15825.469228 -15588.706498 -1.230124 1.248807 131.218502
4474.261270 21860.763093 1.713460 -0.350695 108.227649
21320.516323 -6845.893298 -0.533759 -1.662313 189.355909
9401.373561 20426.474896 1.582684 -0.728437 108.389960
6199.122994 -21724.801984 -1.671470 -0.476950 172.120736
-17137.705637 14895.883528 1.137397 1.308575 155.958423
-22283.297187 4799.867712 0.364385 1.691651 192.448828
-20077.111858 11005.746432 0.829964 1.514053 147.636888
-7759.891427 21652.887540 1.621654 0.581163 166.727905
21211.543896 9181.745093 0.682653 -1.577055 117.312641
22900.691964 3669.805948 0.271447 -1.693909 126.345815
23244.762635 -1534.192100 -0.112733 -1.708027 188.757505
762.377793 23379.717274 1.707290 -0.055672 110.555493
-4829.146147 22993.008529 1.668074 0.350340 105.658839
-23489.088662 -2139.188783 -0.154288 1.694142 123.802911
2440.816804 23577.078659 1.687936 -0.174744 103.267078
-22800.249632 -6828.441908 -0.485855 1.622277 141.898671
19802.061704 -13355.779734 -0.945261 -1.401499 188.545682
-22911.326785 7163.610367 0.503210 1.609413 130.586328
-19674.094881 13936.916658 0.972602 1.372978 161.078592
-12434.085880 -20747.621586 -1.440905 0.863537 167.583590
24276.186080 1370.727645 0.094453 -1.672808 170.113809
461.402303 24383.655157 1.672658 -0.031651 169.115071
-22233.235728 -10267.887374 -0.699969 1.515654 193.608691
-18746.179320 -15924.390778 -1.078491 1.269599 121.917833
5372.502706 24106.419479 1.622622 -0.361627 173.389389
-1224.044062 -24780.195423 -1.656636 0.081831 196.759434
-653.491169 -24898.397797 -1.654867 0.043434 151.418372
-21660.878515 12454.474623 0.823853 1.432849 142.020345
-1751.931297 25043.267243 1.644893 0.115070 187.220279
-17085.430507 18516.569005 1.209675 1.116180 127.431401
-16569.625216 19100.215576 1.241072 1.076642 193.872214
-24771.840212 5643.310861 0.364074 1.598136 194.770367
-18422.895072 -17637.501436 -1.131312 1.181689 119.481768
25462.925287 2751.660735 0.175398 -1.623070 176.396378
