1024
0.000000 0.000000 0.000000 0.000000 139871.515096
44.331733 -81.714215 -26.409352 -14.327646 178.416103
-138.189250 158.929505 15.063952 13.098110 134.440464
285.731205 90.102778 5.033421 -15.961834 178.125363
-230.841444 -338.893302 -11.823794 8.053926 110.766703
-270.437657 418.508448 10.900101 7.043580 178.659862
118.121684 600.984070 11.485844 -2.257509 178.607281
467.749215 509.760049 8.115143 -7.446350 132.985567
-572.029332 580.018982 7.226587 7.127043 127.848331
-507.432941 -734.219570 -7.977185 5.513182 191.037582
-12.812386 1011.284298 9.108594 0.115401 116.357518
-1098.304340 -120.457985 -0.950161 8.663317 196.100548
-816.705601 858.920348 6.098083 5.798371 179.053932
817.899550 -1021.582799 -6.251347 -5.004953 115.463215
-500.337885 -1320.263423 -7.209407 2.732136 120.327404
992.807783 1131.736206 5.612670 -4.923676 185.843610
1516.041989 508.568735 2.304033 -6.868315 119.991561
-314.384266 1679.799643 6.888072 1.289143 141.913903
-195.881159 1776.554147 6.811066 0.750982 155.104176
-1903.011605 -210.620801 -0.728306 6.580424 192.512766
-1583.114637 1204.995035 3.933660 5.168018 157.921181
1943.479568 764.311764 2.320064 -5.899421 183.135593
2018.699263 904.529914 2.518607 -5.620942 134.900439
1405.093959 -1804.111560 -4.779506 -3.722416 172.018375
25.556786 -2392.685934 -5.921889 -0.063253 157.806716
-2282.621474 991.285647 2.313198 5.326574 127.076523
2132.663348 -1477.686008 -3.239094 -4.674808 140.622659
-795.577120 -2587.605590 -5.321947 1.636269 145.776508
520.598828 -2744.743308 -5.384897 -1.021360 173.735294
318.374172 -2873.850759 -5.354698 -0.593210 100.496628
2625.447503 -1469.678354 -2.579709 -4.608417 152.277227
3043.035972 610.894023 1.023473 -5.098206 191.942685
2941.092726 -1296.603194 -2.061266 -4.675582 197.909102
3300.953719 -179.395672 -0.273421 -5.031065 104.616944
-52.892910 3392.754640 4.972616 0.077523 190.191572
-2422.398322 2528.046110 3.534949 3.387222 165.399690
-1318.777163 -3364.229544 -4.486813 1.758830 108.901158
-3334.495065 1597.029006 2.057984 4.296939 199.303259
-755.716056 -3713.208407 -4.611539 0.938545 169.591557
3543.311395 -1604.055106 -1.915677 -4.231676 147.614385
-599.994627 -3959.966164 -4.525865 0.685737 124.409324
-2437.173541 3300.409531 3.638281 2.686674 116.333893
-1913.028915 3741.405515 3.978989 2.034508 119.488639
4271.096297 527.137900 0.540918 -4.382748 112.927495
-1138.143158 4250.830799 4.218442 1.129471 112.113675
2270.052861 -3874.090823 -3.730048 -2.185650 137.374583
962.573055 -4490.849671 -4.179702 -0.895881 174.553829
1702.970022 4372.731312 3.940642 -1.534692 143.642974
-2454.446549 4140.731675 3.591892 2.129118 186.555922
-4874.267335 479.579801 0.405321 4.119529 158.396847
2770.596269 4168.343229 3.410210 -2.266684 151.678515
-69.288791 -5109.556658 -4.052180 0.054950 124.322108
-2168.343337 4710.792527 3.654277 1.682037 159.463217
4856.141813 -2097.464007 -1.579363 -3.656611 192.002281
-5170.021971 1536.059460 1.123456 3.781294 193.957676
-3852.347031 -3931.923039 -2.789054 2.732608 123.136118
4271.561653 -3616.595909 -2.502139 -2.955277 106.614131
3548.136399 4473.865967 3.003742 -2.382209 185.014372
4823.496081 3231.686133 2.116173 -3.158523 104.113349
-5844.649666 -757.571748 -0.485064 3.742261 137.646357
2157.299504 5608.448523 3.487986 -1.341660 186.110022
6006.201947 984.432321 0.600609 -3.664423 101.781573
5838.158179 2099.471504 1.244582 -3.460902 176.603693
1442.700360 6134.417483 3.552372 -0.835452 108.485487
-6393.069440 297.112964 0.168111 3.617286 102.043896
3954.353727 5167.491862 2.852054 -2.182496 147.470494
-6350.662927 -1829.363653 -0.986386 3.424255 110.164971
-4885.783281 4591.088074 2.422792 2.578307 199.028484
5945.500262 3311.747163 1.708813 -3.067792 113.364293
-4570.442335 5151.778452 2.611315 2.316649 122.763954
3488.507443 6083.512111 3.000967 -1.720864 174.841851
1687.830321 6910.151086 3.336734 -0.815010 194.007310
4270.129046 -5804.860606 -2.748943 -2.022157 196.594224
-6185.260036 3893.767713 1.805258 2.867657 102.091230
6238.938539 -3996.919435 -1.815466 -2.833827 123.425825
-4783.586676 -5768.229597 -2.575968 2.136248 172.711682
-6998.318545 2955.295218 1.293009 3.061924 187.323385
6667.950529 3843.634561 1.649104 -2.860871 141.814761
1009.112144 -7734.895130 -3.252489 -0.424327 179.828785
4018.710172 -6809.913433 -2.805704 -1.655720 187.921379
513.514082 -7983.226052 -3.232259 -0.207912 124.489389
-2337.136018 -7753.335723 -3.082252 0.929102 141.211330
-6995.442306 4272.357754 1.667758 2.730741 162.409311
2220.311661 7994.952272 3.064310 -0.851002 147.546547
8328.252547 1129.974592 0.424851 -3.131278 188.625320
-3152.698400 7889.794665 2.918472 1.166198 179.603307
-2596.539767 -8190.864042 -2.979102 0.944388 143.616625
7559.437594 4316.704062 1.539681 -2.696298 187.279406
-7212.245873 -5040.539049 -1.769141 2.531373 195.606021
-4748.265027 7522.156374 2.597356 1.639548 172.709820
4346.513071 -7884.034445 -2.673765 -1.474062 156.237159
-648.696697 9061.961798 3.031547 0.217012 132.298060
-5028.441483 -7708.829954 -2.529140 1.649748 102.674097
8247.636591 4271.531784 1.382391 -2.669174 143.968962
-1312.857440 -9322.738267 -2.956462 0.416338 164.668142
7432.975716 5929.962607 1.852751 -2.322350 166.815534
-6086.300814 7413.330886 2.286182 1.876942 197.881630
9515.376043 1820.036664 0.552940 -2.890836 168.031404
-9786.196879 83.889053 0.025102 2.928258 176.293337
5644.665299 -8143.312430 -2.391873 -1.657964 136.031724
-9283.513125 3704.216133 1.073858 2.691304 170.010518
-9498.672749 3447.437471 0.983188 2.708964 153.071570
9125.576700 4569.553481 1.283949 -2.564096 179.222192
4473.751811 9265.391428 2.571871 -1.241816 145.056605
5057.781534 9096.814821 2.481752 -1.379841 152.666041
10094.317398 -2884.525282 -0.776841 -2.718533 125.476324
4565.156759 9564.061734 2.539588 -1.212206 136.199137
-1664.939849 10557.667922 2.767929 0.436501 172.157865
-5013.621781 9578.202521 2.468446 1.292085 175.167268
8570.908490 6720.988986 1.712859 -2.184315 125.056132
-10408.220267 3598.840339 0.902098 2.608961 109.745837
8483.846631 7155.900294 1.772934 -2.101944 153.725771
3608.199741 -10594.981713 -2.592078 -0.882751 198.207266
10317.086398 -4624.331500 -1.114354 -2.486172 105.599630
-2798.876054 -11042.666415 -2.631013 0.666857 123.449412
6381.425136 9566.383427 2.247347 -1.499133 140.381932
-10154.054365 -5629.867630 -1.303678 2.351320 136.000497
-4630.677740 -10746.793398 -2.459400 1.059729 153.921731
-11147.134553 -3853.925975 -0.871609 2.521051 181.425039
2292.019056 -11679.288834 -2.605693 -0.511358 114.116444
-3061.223035 -11608.128880 -2.556583 0.674206 124.705765
5955.117286 10522.899868 2.292855 -1.297572 169.430160
-10643.064886 5944.335253 1.279404 2.290715 180.587690
8925.011701 8452.427340 1.796697 -1.897152 160.852453
-7212.655464 10085.624255 2.116159 1.513354 154.193409
6135.494953 -10903.704306 -2.257125 -1.270080 125.278701
-5599.734304 -11278.582174 -2.312291 1.148036 140.923863
522.284035 12697.637255 2.567605 -0.105612 199.010524
-11857.256767 -4828.787766 -0.965652 2.371193 167.570089
8800.799260 9441.267127 1.865223 -1.738692 122.895895
3750.287426 -12462.391758 -2.431661 -0.731756 101.019665
13105.222985 37.741488 0.007288 -2.530553 171.951918
5168.271551 12145.556616 2.320191 -0.987306 188.764224
-11930.815304 5849.689442 1.106364 2.256499 130.678776
11005.145523 -7652.000653 -1.428451 -2.054405 142.752177
2804.567158 -13217.277089 -2.437948 -0.517307 177.650468
13444.874023 2006.869874 0.366815 -2.457448 160.849975
4421.272250 -12960.137028 -2.343024 -0.799308 128.549833
-10963.688329 8403.491748 1.499444 1.956262 152.907908
9470.312180 10161.886209 1.798166 -1.675790 109.091468
10654.626201 9067.876180 1.587354 -1.865118 122.156646
3319.620399 -13716.579141 -2.370158 -0.573614 101.849278
-1766.879885 14098.910199 2.411414 0.302199 101.895135
-9115.274461 11003.182142 1.866308 1.546090 120.501485
14383.188715 -720.453241 -0.120767 -2.410996 163.267956
10385.188451 -10111.323515 -1.678582 -1.724047 153.643961
6898.015821 12882.176143 2.112665 -1.131268 132.011434
-14133.210798 4010.949103 0.652522 2.299266 134.370869
-12796.424339 7450.164474 1.197833 2.057402 114.643999
-11779.460038 -9140.597025 -1.454458 1.874356 154.255861
5002.256470 -14127.105198 -2.230691 -0.789864 167.322902
-2551.249300 -14869.863973 -2.324540 0.398825 178.550884
-14928.430825 -2794.347428 -0.432496 2.310554 157.369969
-9556.670581 -11940.356082 -1.828867 1.463765 184.367846
6253.003952 14087.423180 2.132789 -0.946684 120.396969
-15498.833600 -54.771908 -0.008223 2.326948 119.650745
-13965.132860 6971.469851 1.035670 2.074637 107.407877
-10195.838793 -11924.123907 -1.757844 1.503062 124.592227
-11364.187337 10967.297808 1.600785 1.658715 170.214319
4042.135787 15387.456148 2.221374 -0.583533 111.844242
-1190.806967 15955.336399 2.283905 0.170456 172.377892
-8024.517752 13949.934936 1.979455 1.138656 152.834932
-14361.720179 7518.039619 1.055239 2.015824 125.167282
-3223.875485 -15983.919790 -2.223875 0.448544 178.139166
-9955.414840 -13047.634063 -1.797765 1.371705 142.429359
12645.461756 10580.182827 1.447734 -1.730336 160.790038
13105.333890 -10172.486968 -1.379102 -1.776713 110.871671
16514.823772 2462.557981 0.330638 -2.217382 153.524233
-4989.707820 16029.840326 2.134777 0.664505 117.297558
12650.634212 11193.844104 1.477055 -1.669282 155.099552
-13414.848589 -10464.669851 -1.366048 1.751162 176.021685
12553.118884 -11611.000407 -1.504289 -1.626347 102.220602
-2061.833408 -17083.169005 -2.192530 0.264625 135.545581
-15381.363523 7919.844643 1.008244 1.958141 177.891756
-7575.001342 15679.377997 1.976728 0.954994 149.760613
-15083.384029 8876.702622 1.110650 1.887227 114.420108
-15259.346894 -8779.623659 -1.088852 1.892470 125.514201
17686.946480 -372.603886 -0.045874 -2.177556 115.054328
13495.793866 11600.142311 1.415526 -1.646846 117.411355
-10274.904425 14672.669047 1.773013 1.241597 147.229284
-6139.221469 16926.436732 2.029559 0.736122 158.763973
4679.529312 -17490.897884 -2.079775 -0.556425 119.338326
-17866.999251 -3395.195256 -0.401027 2.110377 107.503227
17425.594979 5622.114828 0.657361 -2.037474 180.628642
18377.365619 -805.771195 -0.093562 -2.133895 123.082420
-17765.211476 -5159.761504 -0.594067 2.045389 155.261527
5122.613251 17887.967122 2.041675 -0.584679 196.816710
-15220.731896 10883.485125 1.231813 1.722710 155.155846
2317.851267 -18643.208960 -2.097412 -0.260765 154.871162
-7025.063056 -17546.877711 -1.956212 0.783189 166.176976
-12949.290684 13888.143184 1.537613 1.433669 100.917531
17190.678654 8311.103634 0.912519 -1.887453 131.470720
13212.330337 13926.359479 1.516847 -1.439075 110.671473
18832.071658 -4181.783098 -0.452144 -2.036168 163.687074
-5950.981770 18462.307674 1.979706 0.638121 168.656688
3373.473563 -19220.482944 -2.042564 -0.358500 168.009674
-19564.809150 -1378.740867 -0.145411 2.063426 122.536070
-15581.799919 12053.739048 1.262894 1.632536 143.107545
-18938.710148 5729.258498 0.596335 1.971254 183.248335
19797.185399 -2080.352729 -0.214583 -2.042027 160.255996
16052.825773 11940.077632 1.222340 -1.643373 129.230081
-17159.422534 10440.204705 1.062459 1.746247 166.192275
6145.344109 -19231.090489 -1.942086 -0.620599 173.363181
20281.459704 -1042.097389 -0.104314 -2.030167 186.288380
-17600.183799 10312.373133 1.025396 1.750049 182.859627
-15933.879549 12880.969999 1.272333 1.573888 112.837536
-10610.420234 17652.568556 1.730114 1.039919 190.642215
10175.553700 -18036.544984 -1.753306 -0.989151 141.787865
14830.723318 -14589.419123 -1.408516 -1.431812 181.328813
-18127.759100 -10385.484615 -0.996319 1.739064 126.676415
-6297.117187 20034.392490 1.907062 0.599419 125.059955
-10007.226996 18565.241799 1.755933 0.946501 135.243406
-20717.841516 4554.690424 0.427079 1.942648 176.565094
1406.274400 21262.026054 1.980232 -0.130973 156.528247
-6660.314301 -20340.676637 -1.881843 0.616187 155.761506
11529.328447 -18155.820299 -1.667557 -1.058934 197.347291
5869.941278 20791.660424 1.896779 -0.535502 136.547130
21682.466845 439.422096 0.039859 -1.966764 170.177733
-14699.091603 -16114.288317 -1.449201 1.321928 153.394945
14387.301894 -16496.905883 -1.475687 -1.286978 141.069928
-16828.959518 14164.993206 1.257813 1.494367 199.379659
-19714.611585 -10003.586421 -0.881636 1.737487 129.241669
-22187.548601 754.727049 0.066098 1.943162 162.126676
-3817.520548 21957.960903 1.911811 0.332380 108.706155
17116.403224 -14455.829609 -1.248800 -1.478640 132.667179
-15590.962389 -16227.111788 -1.392557 1.337965 102.666437
-3460.794245 22347.854347 1.903721 0.294811 186.713603
-11971.585454 19292.779110 1.633595 1.013681 107.344747
4872.388898 22264.401156 1.874552 -0.410231 107.667414
-14561.609361 17678.681097 1.477521 1.217007 170.929939
589.941227 -22995.877145 -1.909418 -0.048985 157.388317
-23111.484022 -183.897175 -0.015162 1.905486 196.272632
23108.305719 2070.221392 0.169708 -1.894316 153.775156
19503.672105 12753.755458 1.038598 -1.588276 103.259073
-3305.868470 -23178.702332 -1.874288 0.267321 131.012762
-12188.689327 20108.384629 1.615570 0.979277 119.895850
-8869.058311 21880.942989 1.747270 0.708226 182.745874
23636.507682 -1894.168289 -0.150279 -1.875269 110.205048
7650.396396 22552.290637 1.777733 -0.603059 144.061238
9989.150381 -21718.819635 -1.702236 -0.782911 165.643255
-21933.586126 9725.514335 0.758095 1.709704 101.627516
-13012.541555 20275.510510 1.570738 1.008078 177.073974
16460.087265 -17750.980245 -1.365280 -1.265994 127.226035
-24196.958695 2331.976639 0.178243 1.849475 128.648794
-21862.605863 10808.296991 0.822097 1.662907 137.870496
-19429.029191 14915.954024 1.127178 1.468225 110.652649
2795.583377 24429.733041 1.835453 -0.210038 144.342542
15577.696076 19158.328297 1.430400 -1.163063 175.487308
17266.304611 17809.686396 1.320614 -1.280322 174.264677
10955.490310 -22354.982220 -1.648704 -0.807979 194.069595
20918.603298 13681.866477 1.002974 -1.533476 175.971991
-11261.627191 22419.213956 1.634339 0.820962 119.351524
20930.722798 14028.169347 1.016062 -1.516014 153.449862
20085.457468 -15392.965394 -1.107745 -1.445437 140.393681
25347.477820 1413.769546 0.101252 -1.815353 188.889136
-10875.938963 23053.364494 1.641036 0.774195 131.603407
-24758.217012 6524.061729 0.461331 1.750709 171.202931
-7966.969812 -24429.751868 -1.718148 0.560318 194.401312
-18970.780283 17468.423565 1.221968 1.327063 108.543296
-4948.336102 -25409.168466 -1.767341 0.344183 121.296297
23248.751568 11661.037462 0.805349 -1.605634 103.590254
8224.924627 24754.472341 1.702177 -0.565566 112.813484
-21575.538409 -14865.949793 -1.015436 1.473742 145.238620
-4921.865288 25848.856459 1.754363 0.334047 154.640816
-14483.592947 22084.162965 1.490631 0.977610 144.279146
-26422.740398 -1878.297917 -0.126211 1.775454 145.166373
18944.748576 18687.696512 1.247124 -1.264279 177.198345
-26666.608039 1505.970270 0.099947 1.769780 123.120937
-21600.908781 -15882.881338 -1.048055 1.425367 193.139196
-15596.075065 -21902.732333 -1.439129 1.024747 131.314360
-26222.387713 6387.438553 0.417334 1.713284 103.289683
-26471.421799 5770.001775 0.374827 1.719620 110.692683
27195.916837 760.316946 0.049082 -1.755634 130.597331
25752.843791 -9038.547638 -0.580716 -1.654589 190.229665
4722.715863 -26996.236526 -1.723732 -0.301549 118.238477
24471.759274 -12522.794601 -0.795948 -1.555424 152.494263
5863.720391 -26983.153829 -1.703587 -0.370207 103.649672
-23615.658183 -14457.845178 -0.908997 1.484770 116.047246
-27477.619214 4140.364910 0.258939 1.718454 165.174294
-24628.484536 -13103.112283 -0.814655 1.531218 125.295491
-6052.278825 -27336.210881 -1.690378 0.374252 190.480433
27899.209257 -3364.898506 -0.206929 -1.715696 136.701111
-8863.229999 -26782.077381 -1.637445 0.541894 183.309049
27566.660111 -6434.432877 -0.391377 -1.676752 183.754109
-13539.590443 -24979.683598 -1.510946 0.818969 178.429970
13702.126915 -24988.735946 -1.504677 -0.825063 156.225770
1939.838223 -28534.095983 -1.709056 -0.116187 148.744915
25399.665795 -13372.394378 -0.796560 -1.512994 127.190336
28632.609808 3047.422709 0.180681 -1.697621 185.963344
-25614.933364 13386.402748 0.789249 1.510232 133.607236
18863.520132 -22025.279508 -1.292069 -1.106591 191.418308
-24525.213777 15681.515607 0.914668 1.430501 162.986815
-2203.068799 29121.848203 1.690332 0.127874 161.126242
29134.721602 3109.491246 0.179607 -1.682851 131.075207
28154.042631 -8446.324860 -0.485541 -1.618450 127.474526
-25494.271904 14863.264512 0.849352 1.456855 194.603347
25411.671967 -15169.812030 -0.863154 -1.445911 177.628040
-26583.847016 -13250.996511 -0.749860 1.504353 153.746953
22260.600471 -19810.481673 -1.115654 -1.253635 146.081021
-28342.308274 9553.842585 0.535070 1.587331 147.769440
25979.920958 -15014.772363 -0.836821 -1.447943 190.126570
429.331849 -30092.494175 -1.669725 -0.023822 176.442094
-26578.372905 14369.047197 0.792607 1.466083 117.408694
27169.310026 -13398.044464 -0.736145 -1.492797 143.623703
6077.715411 29787.751057 1.627932 -0.332154 145.316785
27529.735409 13128.363834 0.714010 -1.497256 140.726416
-25920.581144 16250.015630 0.879748 1.403296 182.346860
30383.398593 4461.760613 0.240183 -1.635584 173.827789
-30776.211573 1019.023667 0.054632 1.649969 131.216450
-10042.213234 29230.494850 1.558413 0.535397 119.687135
30627.912214 4817.330166 0.255629 -1.625256 164.535336
-22200.916642 21775.359069 1.150323 1.172804 156.241485
-16671.208176 26375.616517 1.386298 0.876236 131.506693
-23664.900002 -20463.792612 -1.071292 1.238872 173.640010
16430.848451 26757.096646 1.393156 -0.855501 166.395544
-17418.801177 -26259.476100 -1.359949 0.902100 188.203265
28392.814656 -13885.254710 -0.715872 -1.463828 195.288944
-2757.160837 -31578.215536 -1.620962 0.141530 136.397496
31786.948486 1149.293598 0.058691 -1.623268 138.719256
463.207790 -31910.263081 -1.621461 -0.023537 188.217568
-25972.389361 18698.290535 0.946142 1.314215 118.499668
12392.931270 -29600.240449 -1.491708 -0.624543 120.983864
-26052.798384 18922.136639 0.948726 1.306245 158.656972
-28581.692444 15027.358201 0.750227 1.426914 192.645233
26081.168296 -19242.306560 -0.955328 -1.294858 154.023853
6546.894634 -31841.702722 -1.573822 -0.323590 170.267360
-32532.299334 2196.531300 0.108075 1.600668 135.979099
29930.859377 -13137.824028 -0.644014 -1.467206 128.787111
-11769.937306 -30614.320687 -1.493055 0.574018 102.438349
-20035.934004 -26089.588336 -1.266792 0.972854 103.013833
935.548732 32987.654752 1.594053 -0.045208 178.283003
-27652.442262 18205.219825 0.875492 1.329811 118.372430
24773.952335 -22094.043136 -1.058303 -1.186671 199.724207
27191.776322 19209.497612 0.916083 -1.296750 139.747028
32990.705806 -5268.966716 -0.249962 -1.565094 182.064595
-3299.006349 -33337.055892 -1.575079 0.155868 171.993695
-31744.960199 11042.448621 0.519146 1.492447 150.260742
-33340.198091 -4837.517246 -0.226634 1.561960 199.212597
33662.002391 -2938.924265 -0.137071 -1.569990 192.677050
-16715.557712 29481.979342 1.368898 0.776132 161.870549
22080.021357 -25873.827006 -1.194829 -1.019635 126.480231
-27194.253685 -20557.176710 -0.946159 1.251635 151.041431
30924.620758 -14581.327506 -0.668176 -1.417093 191.795634
13873.619768 31370.939165 1.430515 -0.632637 180.249533
34039.160064 -4944.584267 -0.224543 -1.545786 190.043139
-34017.635965 5676.570978 0.256758 1.538658 187.571996
-16657.828226 30329.699222 1.365011 0.749698 161.039368
-34237.678861 5662.990846 0.253769 1.534252 105.734201
-21799.943242 -27126.523068 -1.210468 0.972780 158.053990
18829.423958 -29371.931996 -1.305677 -0.837029 156.717991
15325.545332 -31463.138376 -1.392172 -0.678121 189.943771
34998.662343 -2824.812044 -0.124376 -1.540989 176.230999
20700.525355 28482.158318 1.248860 -0.907658 136.563538
-8881.064776 -34168.777930 -1.492218 0.387854 129.598359
29851.192441 19030.089996 0.827668 -1.298305 147.980695
12922.975524 33061.461380 1.432082 -0.559769 145.734399
9588.054630 -34269.668907 -1.478894 -0.413769 193.126832
-27322.147374 22958.466386 0.986531 1.174039 126.137092
30283.700305 -19101.904544 -0.816779 -1.294902 173.552290
34028.842638 11413.231065 0.486245 -1.449753 137.810774
-34666.980030 9664.144116 0.410065 1.470974 121.926377
-25150.165074 25913.767032 1.093954 1.061719 104.182103
9767.768091 34849.666380 1.466250 -0.410965 102.950382
19927.211112 -30343.169412 -1.270907 -0.834640 117.955419
-26437.671728 24999.711755 1.043458 1.103477 188.944244
9451.708177 -35254.643081 -1.464615 -0.392661 197.981450
14433.438937 -33631.227872 -1.391567 -0.597216 117.060733
28955.638635 -22557.919221 -0.929274 -1.192828 196.442835
-34577.755036 -12587.083963 -0.516580 1.419089 135.340353
7678.165429 -36101.361520 -1.474919 -0.313691 126.430336
31306.162122 -19693.791137 -0.802091 -1.275041 131.583334
11535.748202 -35246.955215 -1.429668 -0.467907 177.279578
34908.739955 12817.736838 0.517792 -1.410191 114.560498
-29177.883577 -23225.306495 -0.934247 1.173692 135.221728
-24182.145944 -28516.804257 -1.142653 0.968966 119.512801
26216.702072 26797.599914 1.069498 -1.046314 157.476858
-36019.801400 -10765.377111 -0.427848 1.431533 136.685893
5323.630473 37315.235154 1.477182 -0.210744 118.179276
-23390.971962 -29698.153919 -1.170493 0.921908 107.691208
-35126.699959 14262.003634 0.559709 1.378540 163.275678
-36316.259298 11155.782097 0.436433 1.420754 141.650678
-38062.251637 -1990.506209 -0.077495 1.481847 132.759978
-31778.821993 -21177.301353 -0.822072 1.233607 112.834578
24087.833446 -29775.911285 -1.150855 -0.931008 118.438015
38277.756700 3124.323051 0.120258 -1.473344 179.168648
23210.760910 30706.959964 1.177922 -0.890367 143.007172
-36827.032546 11575.169202 0.442111 1.406599 155.687986
-7128.169798 -38046.772693 -1.447252 0.271147 110.337922
-21460.111851 32338.246155 1.225246 0.813091 133.094071
4841.721513 38597.554874 1.457387 -0.182816 197.508724
-35576.792687 16008.439141 0.601843 1.337521 141.392654
-32765.296111 21322.491190 0.799172 1.228051 186.672239
-38538.855669 -7148.437765 -0.266861 1.438709 137.529582
39295.913794 677.287821 0.025182 -1.461066 196.915065
-18801.137326 -34619.686725 -1.282607 0.696553 182.784107
33863.953744 -20350.590434 -0.750729 -1.249234 184.080952
-39141.354207 -5977.212177 -0.219774 1.439176 198.787050
-16007.964631 36327.578964 1.330517 0.586300 143.963134
15839.175585 36521.342163 1.332077 -0.577717 116.052039
-15590.767409 -36735.920612 -1.334908 0.566536 150.394118
-31725.076462 -24345.520456 -0.881932 1.149262 173.419707
23492.250946 -32480.553901 -1.172405 -0.847967 116.712141
6554.466746 39659.089562 1.425579 -0.235606 157.550997
8043.856749 -39485.131560 -1.414095 -0.288078 110.496774
27214.165808 29846.614669 1.065145 -0.971200 110.771199
34458.361993 -21254.505135 -0.755841 -1.225390 177.887073
166.661150 40585.497747 1.437968 -0.005905 169.321253
-15106.672374 -37791.525521 -1.333394 0.533007 121.759634
-39577.836208 9927.165058 0.348910 1.391043 153.381491
10815.114170 39432.734854 1.381618 -0.378933 171.878033
-27624.389094 30311.620148 1.057302 0.963568 140.524939
-32407.241809 25255.301650 0.878521 1.127305 100.972886
11932.677907 -39437.551356 -1.366006 -0.413315 185.981852
20226.792649 36015.231669 1.242797 -0.697977 108.386417
-27921.933336 30579.806795 1.051290 0.959916 186.624595
-34743.000129 22702.954006 0.777863 1.190387 199.865034
-38262.112142 16311.218333 0.557036 1.306671 191.114907
34230.778730 -23815.373324 -0.810193 -1.164522 116.062199
-40965.668128 -8240.953549 -0.279490 1.389340 185.044831
-21645.085324 -35885.424934 -1.211753 0.730896 131.156875
-41247.574803 -7861.543220 -0.264684 1.388733 151.907056
-38798.128050 -16318.827557 -0.547464 1.301598 188.688027
19743.851046 37280.724929 1.246435 -0.660111 128.172027
31897.912842 -27764.280608 -0.924891 -1.062592 107.888639
-11141.009967 -40925.316980 -1.357245 0.369480 124.752928
-15245.239493 39687.225094 1.311546 0.503810 161.549000
-34171.671015 -25457.333200 -0.838409 1.125406 102.357807
32296.648383 27912.136316 0.916839 -1.060859 145.966401
23279.392677 35929.959779 1.175017 -0.761306 136.337913
37841.339432 -20192.214290 -0.658514 -1.234093 189.524384
36088.691186 23392.870021 0.759822 -1.172194 155.919931
-5481.144850 42753.899555 1.384020 0.177434 108.944261
-15640.633304 40282.385527 1.299107 0.504410 165.309514
-39354.878296 18092.844222 0.581427 1.264698 182.566688
-38051.409819 20855.718888 0.668421 1.219539 171.212557
-36387.501001 23856.140906 0.761463 1.161451 142.018319
-15100.260675 40913.587180 1.301399 0.480316 172.871047
-28987.379708 32695.361903 1.036999 0.919393 133.091994
-6890.884452 43260.542746 1.366888 0.217729 144.440795
-43890.575761 1035.101915 0.032598 1.382208 160.298940
3680.426484 43835.322299 1.376386 -0.115562 152.544463
28850.022961 -33343.690899 -1.043304 -0.902699 161.702303
6217.664932 -43772.442544 -1.364059 -0.193758 188.745344
2848.645625 -44214.931801 -1.373430 -0.088486 119.655441
44379.634612 -1275.692437 -0.039504 -1.374293 162.819008
25318.025360 -36608.585622 -1.129350 -0.781044 104.860641
-8155.100359 -43850.556725 -1.348583 0.250802 145.645375
42058.417767 15175.132373 0.464977 -1.288700 176.288115
612.049368 -44791.510910 -1.368616 -0.018701 112.851060
-25255.106258 37140.643845 1.130369 0.768635 140.379042
-44990.593306 897.551371 0.027239 1.365368 190.028936
-3394.688359 -44960.081086 -1.360427 0.102718 113.707797
-30439.000330 -33434.032318 -1.007418 0.917173 100.103653
-27230.722560 36190.109852 1.087723 0.818442 177.388529
9804.242136 -44338.385665 -1.327398 -0.293518 153.451065
-29647.311074 -34529.366673 -1.030282 0.884612 153.044190
8998.870000 44697.712470 1.330013 -0.267768 137.716902
31185.310718 33388.926598 0.990483 -0.925113 109.827011
-45630.568428 3833.510967 0.113335 1.349030 115.340915
-43294.402680 15255.147203 0.449354 1.275276 190.596529
41706.063326 -19407.333006 -0.569853 -1.224606 125.118236
45116.615484 9493.185217 0.277803 -1.320265 174.825967
45750.357425 6462.827355 0.188510 -1.334465 148.663984
12043.365917 44703.953212 1.300007 -0.350225 111.941801
45959.837050 6475.901289 0.187616 -1.331520 147.226105
34786.081246 -30857.008587 -0.891494 -1.005009 125.729454
13288.643183 44676.649672 1.286137 -0.382549 189.470166
-10463.406190 45527.089008 1.306289 0.300222 111.319288
-46776.416525 1068.207848 0.030576 1.338927 124.368814
35962.036928 30083.372348 0.858430 -1.026178 173.059539
-33185.688887 -33272.853500 -0.946185 0.943706 117.690404
-7967.725529 46406.739616 1.315791 0.225912 110.805873
42637.739171 -20245.948901 -0.571953 -1.204526 114.108246
-29305.057986 37133.244181 1.045579 0.825157 116.342869
-19490.647198 43194.316128 1.213005 0.547346 137.165183
17140.929041 -44294.961520 -1.239685 -0.479724 139.394195
-20924.280439 -42746.204805 -1.192690 0.583822 127.890546
-29337.922771 -37605.880940 -1.045856 0.815916 148.299613
4467.538016 -47594.171990 -1.319186 -0.123828 176.909509
12274.192013 -46295.839267 -1.279507 -0.339230 126.571295
43539.489939 20208.212749 0.556670 -1.199371 137.664013
39793.622416 27026.813660 0.742105 -1.092657 100.216599
-37691.064465 -30056.672030 -0.822624 1.031570 127.936850
3278.501013 48201.624897 1.314940 -0.089438 120.928418
-26763.405505 40320.132418 1.097168 0.728270 156.579833
-13678.687393 -46537.314751 -1.261970 0.370930 188.342159
47124.238342 -11943.992792 -0.322807 -1.273615 169.259588
-23494.952145 42656.324303 1.149863 0.633340 137.049020
45676.583967 -17155.121531 -0.461119 -1.227757 101.537467
-11191.289084 47602.011305 1.275276 0.299819 178.065844
17176.753990 -45902.646686 -1.225563 -0.458605 157.230679
-45161.964793 19295.320701 0.513595 1.202104 164.150209
13575.665751 47279.157007 1.255452 -0.360488 173.650399
31754.394397 37706.003728 0.998010 -0.840481 134.395235
-46296.420137 17270.556298 0.455498 1.221034 158.326517
31078.610078 38539.549610 1.013482 -0.817280 192.670351
36247.624141 33856.809991 0.887896 -0.950595 163.156191
-43576.099884 -23923.467846 -0.625291 1.138955 159.254203
18178.024096 -46376.356431 -1.208480 -0.473685 192.283675
-16930.022264 46945.679946 1.219883 0.439926 186.613419
22087.709854 44848.228205 1.162334 -0.572448 115.302976
47519.711384 15907.369990 0.410801 -1.227177 196.042750
14041.595017 48199.995220 1.241322 -0.361621 139.638613
-45851.884617 -20714.718577 -0.531724 1.176968 160.198811
-50387.116659 1202.396377 0.030784 1.290016 174.066214
-18102.916533 47142.972939 1.203455 0.462127 118.406003
19431.620167 -46707.376667 -1.189191 -0.494738 132.612375
-19271.806507 -46900.900022 -1.189961 0.488961 144.575874
-44745.196216 -24059.932370 -0.608684 1.131994 102.596115
44.613250 50899.634913 1.284052 -0.001125 183.582606
-50957.934254 2173.011970 0.054650 1.281571 114.106644
-36867.359218 35388.138972 0.887417 0.924511 131.832240
51214.620093 -183.761358 -0.004593 -1.280086 136.975995
50059.370564 -11227.563994 -0.279906 -1.247991 157.474757
-51201.656547 -4456.451385 -0.110801 1.273034 114.256945
51377.431942 -3561.860222 -0.088287 -1.273481 163.902391
42428.182300 29385.313470 0.726044 -1.048304 194.753254
14597.442958 -49590.066917 -1.222295 -0.359797 176.069124
-45087.198795 25491.842665 0.626489 1.108066 144.899018
43160.375195 -28805.022598 -0.705970 -1.057799 102.780405
-49644.318672 -15453.703380 -0.377610 1.213054 127.779129
30580.358453 42185.552650 1.027550 -0.744873 177.125868
31088.410754 41950.910487 1.018576 -0.754832 114.970831
-490.688451 -52299.576223 -1.266667 0.011884 114.964418
44280.292881 28029.640720 0.676837 -1.069245 111.501863
-39467.421463 -34613.319400 -0.833686 0.950601 162.909683
-51385.649735 11207.931710 0.269193 1.234187 161.858230
4163.160970 -52521.833745 -1.258144 -0.099727 171.503694
45309.518122 27108.892118 0.647293 -1.081878 151.100279
1848.705361 52868.563552 1.258762 -0.044016 192.931659
-50991.147951 -14487.207801 -0.343873 1.210342 183.611254
27790.009764 45250.134910 1.071247 -0.657898 138.442041
31218.624316 43085.557066 1.017000 -0.736890 153.466768
-12438.104904 -51840.054878 -1.220047 0.292729 168.324050
-46454.659368 26364.810673 0.618690 1.090128 143.212696
3984.523695 -53355.077934 -1.248938 -0.093270 152.198921
50542.501266 17820.787708 0.416116 -1.180170 113.688728
42162.839558 33278.405702 0.774418 -0.981167 160.294491
-41986.821886 -33636.857419 -0.780898 0.974747 136.592086
35144.696267 40862.243333 0.946057 -0.813682 145.177626
50630.691911 -18752.708501 -0.433023 -1.169124 169.633719
-53586.375894 -7462.407437 -0.171783 1.233550 124.067007
-44.814562 54189.507582 1.244464 0.001029 140.309732
37719.157662 39074.848421 0.894371 -0.863341 155.337888
39545.946632 37345.885377 0.852842 -0.903083 126.626232
-2785.469291 -54437.429570 -1.239195 0.063407 168.431708
54265.978224 -6144.627304 -0.139474 -1.231762 144.656708
50527.525882 -20955.935184 -0.474522 -1.144135 150.054485
-45149.443320 31078.341562 0.701595 1.019251 160.694164
16806.406852 -52259.416679 -1.177067 -0.378540 121.474763
53899.662292 10877.292965 0.244388 -1.211002 135.176686
-33056.217042 -44074.690855 -0.987368 0.740531 129.579062
16523.201396 -52674.846162 -1.176438 -0.369029 181.807759
-37193.797274 -40912.666783 -0.911596 0.828734 106.833608
44547.026738 -32935.401895 -0.731706 -0.989675 119.621027
-21393.289140 -51201.019173 -1.134720 0.474119 131.671880
-42358.336078 -36022.026126 -0.795881 0.935878 105.895850
35373.334745 43011.672039 0.948137 -0.779760 104.151166
54501.714748 12000.817853 0.263703 -1.197605 197.941524
-40777.462546 38256.332162 0.838235 0.893475 138.367201
-49427.686925 26310.961572 0.575256 1.080674 118.359857
-15730.896807 -53852.634946 -1.173994 0.342936 121.530745
-43477.908598 35606.966434 0.774278 0.945433 186.321907
-38563.955735 -41018.121513 -0.889521 0.836299 166.200111
37126.136205 42464.678828 0.918299 -0.802853 129.489406
-25764.554932 50266.904064 1.084728 0.555983 119.402488
54934.745001 -13574.053690 -0.292130 -1.182260 188.138277
46108.578932 32978.002810 0.707825 -0.989654 149.385501
31121.099470 -47500.572484 -1.016856 -0.666216 163.438652
17906.082860 -54008.116334 -1.152767 -0.382193 166.889815
43534.782510 36800.066397 0.783293 -0.926642 104.916616
-11560.563588 -55928.742207 -1.187122 0.245380 147.152772
35878.450446 44557.494666 0.943383 -0.759628 117.665293
-38039.753666 -42847.403509 -0.905043 0.803494 156.763909
-25548.723518 51406.911685 1.082754 0.538118 119.786508
-27365.626758 50583.504510 1.062472 0.574796 133.359321
-45155.723765 35771.935233 0.749479 0.946085 165.914058
-57692.177840 250.305303 0.005233 1.206079 162.107425
-49821.504932 -29326.035612 -0.611180 1.038324 171.993907
54598.513534 19277.525935 0.400824 -1.135227 156.267669
-15704.036921 -55836.953537 -1.157932 0.325666 136.403474
-51852.677462 -26181.110506 -0.541758 1.072971 147.578007
-19971.798319 54658.231166 1.127957 0.412149 119.370330
-18450.052414 -55313.874575 -1.138053 0.379600 133.588202
-44281.541261 38053.063477 0.781394 0.909292 197.065232
-7039.603561 58070.581066 1.189078 0.144146 129.422447
57343.811662 11997.772328 0.245107 -1.171499 162.331726
-14619.201645 56854.661614 1.157986 0.297756 101.688920
24411.046895 53488.663880 1.086885 -0.496030 151.645195
-2878.688320 -58842.223879 -1.192112 0.058321 110.142074
-35340.701247 47236.321603 0.955014 0.714511 115.546758
-54027.003749 23975.277844 0.483322 1.089141 186.219103
-21316.478973 -55243.628799 -1.110683 0.428572 143.689855
-58951.390136 -6361.921364 -0.127649 1.182828 174.280921
-57471.321364 -14985.053079 -0.299915 1.150246 144.192413
47583.205777 -35725.089435 -0.713051 -0.949731 182.913735
51047.276506 -30743.819657 -0.612258 -1.016598 109.847376
-56627.045563 -18877.848109 -0.375000 1.124871 113.131612
50146.125146 -32590.838027 -0.645528 -0.993246 142.151945
28278.348288 -52815.408997 -1.043419 -0.558666 160.347027
45621.451514 38991.886814 0.768308 -0.898939 134.606674
41669.709370 -43322.455666 -0.851597 -0.819109 169.847500
27450.853253 -53569.100307 -1.050838 -0.538489 113.222278
45208.533014 39881.131465 0.780532 -0.884797 182.396302
-42678.553972 42737.869760 0.834091 0.832933 134.133478
54541.289977 -26166.805072 -0.509482 -1.061948 188.220316
47472.248286 37660.408221 0.731401 -0.921956 178.016136
-19135.218024 57605.309227 1.115877 0.370670 169.434997
60638.887787 4597.982359 0.088821 -1.171379 124.584323
27276.114641 -54451.384092 -1.049571 -0.525757 115.458020
15792.187834 -58932.193323 -1.132859 -0.303575 198.323757
-44094.714340 -42298.457976 -0.811292 0.845745 109.585009
46763.181623 -39489.546230 -0.755488 -0.894642 196.819782
49143.309022 -36643.667466 -0.699418 -0.937999 179.398405
-36056.930484 49711.656307 0.946293 0.686367 190.909082
-41982.345335 -44952.099131 -0.853680 0.797282 128.417045
61481.395319 3839.992362 0.072759 -1.164931 121.344740
-61197.617753 -7794.734002 -0.147366 1.156994 132.023895
-59034.356042 18278.704348 0.344675 1.113188 162.143429
61710.871575 -4886.569632 -0.091911 -1.160709 163.348538
42169.310610 -45455.339885 -0.852905 -0.791247 145.781294
-58978.411641 19461.590771 0.364262 1.103897 124.988457
32779.345658 52868.077691 0.987168 -0.612065 187.189128
-20140.246635 -58953.970018 -1.098320 0.375215 176.073164
-55557.383463 -28402.583709 -0.527907 1.032622 165.921485
-31846.874086 53783.465794 0.997048 0.590383 100.926503
44196.010982 -44349.859356 -0.820071 -0.817226 164.001955
48461.510740 39770.018493 0.733985 -0.894393 164.995216
-53193.582687 -33399.175920 -0.614661 0.978947 117.037897
10189.748803 62067.864772 1.139841 -0.187129 162.281945
34333.723326 -52837.171521 -0.967699 -0.628813 161.074386
-59275.374565 -21604.946747 -0.394960 1.083613 148.021894
4855.140891 62999.314738 1.149062 -0.088554 192.971969
-14403.301398 -61648.741511 -1.121158 0.261942 109.146891
51563.813155 36885.918150 0.669391 -0.935760 178.942959
7048.538862 -63106.583873 -1.142522 -0.127611 136.493653
-37238.727870 -51543.537203 -0.931214 0.672776 170.019289
38482.546821 -50771.688449 -0.914690 -0.693292 157.536004
-28020.441611 -57331.749187 -1.030324 0.503563 168.478793
42034.318672 48130.208356 0.863160 -0.753838 127.431980
60679.012035 20316.349517 0.363596 -1.085957 149.853585
13253.742287 62719.133237 1.119465 -0.236564 134.067363
-1712.601768 64179.268189 1.142907 0.030498 189.658325
60839.227272 20825.542587 0.369974 -1.080832 113.446252
-64281.079686 -3887.788520 -0.068917 1.139487 184.829548
63777.351874 -9691.418560 -0.171353 -1.127642 194.717296
55994.452742 32215.605280 0.568398 -0.987942 171.526541
34421.601463 -54769.143781 -0.964369 -0.606092 136.602023
6630.308112 -64468.245654 -1.131984 -0.116420 121.967636
-26266.576126 59332.357410 1.039920 0.460375 189.766811
-64311.195877 9447.918206 0.165155 1.124196 103.348084
48097.728209 43887.842482 0.765237 -0.838641 108.492750
-24800.567876 -60308.322157 -1.049205 0.431464 130.189266
-38396.445531 52834.207568 0.916980 0.666401 155.626760
20666.468358 -62057.350482 -1.074698 -0.357898 160.878397
-48432.444508 -44106.688450 -0.762111 0.836855 111.865660
43592.807968 49017.948623 0.845201 -0.751657 109.515054
9818.923059 64971.174092 1.117440 -0.168876 117.828533
65774.676590 1194.919265 0.020516 -1.129285 101.801314
62177.561252 21872.430611 0.374443 -1.064444 178.471294
-52649.741156 -39821.880949 -0.680163 0.899265 110.120419
-66027.400562 2782.687692 0.047450 1.125901 157.823073
-12471.909097 65009.527055 1.105806 0.212146 169.601150
19923.305473 63248.011698 1.073004 -0.337999 138.426621
65267.419201 -12211.743689 -0.206760 -1.105056 173.446375
-25488.839340 -61425.118794 -1.037573 0.430549 153.603371
48655.408455 45487.012917 0.766573 -0.819968 115.391264
57889.721552 -33154.820718 -0.557421 -0.973280 128.829342
61295.020403 -26585.842817 -0.445970 -1.028207 151.453610
39405.388358 -54070.418140 -0.905115 -0.659629 151.742859
20331.310884 -63850.063476 -1.066358 -0.339552 157.129071
33345.018617 -58223.845746 -0.970496 -0.555807 117.465829
32833.180201 58618.192377 0.975087 -0.546165 166.820496
62465.402070 25043.615406 0.415554 -1.036502 194.851399
-62484.086864 -25243.692374 -0.418016 1.034689 115.004789
28499.683257 61195.851198 1.010744 -0.470716 112.110214
53359.431752 -41521.932764 -0.684208 -0.879269 180.884971
15833.802014 -65812.095137 -1.082577 -0.260458 192.855600
-21598.686999 -64273.469981 -1.054569 0.354381 184.624125
-53395.824107 41929.385177 0.686658 0.874439 178.158181
24695.565708 63365.885603 1.035034 -0.403383 163.224579
-62409.969577 -27284.198993 -0.444634 1.017058 143.171402
-44619.888945 -51582.672772 -0.838948 0.725704 126.491400
57208.875894 37313.413473 0.605559 -0.928442 143.373840
-13474.857543 67066.092247 1.085921 0.218182 149.445481
68435.954619 3184.602846 0.051448 -1.105589 105.584720
51906.460445 -44858.288974 -0.723196 -0.836825 123.657217
64654.446478 23233.287017 0.373762 -1.040120 113.178027
-5610.876256 -68568.337115 -1.100791 0.090077 191.975682
63526.958388 -26651.284841 -0.426987 -1.017782 161.851497
-17974.862084 -66627.888057 -1.064704 0.287236 101.276767
-39225.184831 -56878.922582 -0.907281 0.625684 120.371909
-7869.571655 68751.910893 1.094103 0.125235 176.959996
33543.457980 -60656.785921 -0.962919 -0.532498 140.642179
-66865.586423 -18578.753801 -0.294395 1.059537 149.845080
-49730.762457 48550.495601 0.767633 0.786294 178.015071
69078.375526 8565.946778 0.135124 -1.089679 178.755525
-58754.601608 -37517.687422 -0.590501 0.924754 167.457706
69719.037471 3542.889672 0.055646 -1.095026 172.950956
18697.243185 67350.435239 1.055815 -0.293106 146.688884
67996.001857 16620.917372 0.259996 -1.063643 140.414351
-22041.796205 66548.755247 1.038641 0.344011 111.256427
33210.297176 -61844.273162 -0.963298 -0.517290 176.680939
17479.424454 -68101.919763 -1.058230 -0.271611 103.508386
1657.857639 70374.757764 1.091569 -0.025715 186.590165
3465.634532 -70402.438967 -1.089828 -0.053648 140.931067
-70554.865799 -2822.861171 -0.043583 1.089321 178.641306
-53505.383297 46215.617321 0.712173 0.824507 180.605852
27435.946740 65260.857028 1.003699 -0.421959 139.680307
-56052.634648 -43427.728784 -0.666300 0.860000 140.488794
69138.392423 16105.941912 0.246680 -1.058931 161.189495
-33837.023237 -62524.096025 -0.955538 0.517122 165.006988
63243.284187 32676.081111 0.498401 -0.964636 195.112675
53902.912508 -46650.965099 -0.710044 -0.820421 177.997956
23670.972954 67375.800428 1.022771 -0.359328 157.036671
-15926.396869 69698.792810 1.056209 0.241347 181.674301
37235.524051 61143.104017 0.924740 -0.563157 157.495564
-15922.858443 -69922.968175 -1.054783 0.240195 108.157678
71765.402307 -2059.082527 -0.031008 -1.080724 146.838670
-2861.974191 -71850.105018 -1.079469 0.042998 165.514222
57117.296436 -43828.731542 -0.657267 -0.856545 126.035832
38252.710264 61133.418935 0.914494 -0.572222 129.680267
25476.556647 67570.193446 1.008714 -0.380324 196.819434
-4215.560721 72183.884218 1.075502 0.062810 104.413330
25835.096697 67627.190600 1.005791 -0.384235 193.104134
-70873.011868 -15218.312786 -0.225893 1.052004 112.736926
-38159.310916 -61769.409503 -0.914655 0.565047 141.326777
-59787.812356 -41375.082755 -0.611370 0.883442 157.629212
65342.685198 -32078.700310 -0.473183 -0.963850 129.101937
-37674.324237 -62424.265601 -0.918536 0.554355 128.695907
72786.421207 5443.642398 0.079972 -1.069297 103.100007
72956.543613 4555.075316 0.066769 -1.069402 192.728587
70736.524273 -18821.268155 -0.275324 -1.034757 108.838074
-27881.138109 -67789.245184 -0.989588 0.407009 128.109408
73161.903427 -5868.698440 -0.085500 -1.065881 154.050975
58368.204268 44671.126417 0.649426 -0.848553 173.252939
20461.924026 -70712.104887 -1.025655 -0.296793 126.646368
-67125.792108 -30428.259280 -0.440568 0.971907 192.872569
26648.761721 -68830.467292 -0.994388 -0.384992 152.537393
-20541.454456 -70974.986082 -1.023733 0.296287 145.321148
47790.087895 -56483.915131 -0.813050 -0.687908 111.712627
-29644.696177 67896.993024 0.975399 0.425872 112.901326
-6062.611834 -73941.024591 -1.060023 0.086914 113.894232
21597.159555 71089.337563 1.016910 -0.308941 109.804021
-60282.528357 -43628.322546 -0.622628 0.860303 178.628649
52958.693678 52406.941588 0.746525 -0.754384 177.404787
69079.497471 28199.960902 0.400830 -0.981886 187.806736
-66525.274441 -34003.174479 -0.482367 0.943723 167.330059
-54557.020085 51168.170280 0.724620 0.772612 124.132434
-73739.000222 13199.100792 0.186495 1.041884 105.052532
-62173.870195 -41971.247732 -0.591799 0.876658 175.604575
-46199.959488 -59193.138739 -0.833398 0.650463 161.824395
15422.044727 -73594.014498 -1.034000 -0.216681 193.392259
22054.819448 71993.019048 1.009432 -0.309236 167.127601
39295.356660 64338.069238 0.900421 -0.549945 187.443749
46260.165911 -59683.360673 -0.833234 -0.645834 147.444839
29583.833356 -69580.619364 -0.969553 -0.412228 159.867795
-22582.749664 -72251.871878 -1.004976 0.314111 166.039396
56798.670455 50204.302130 0.696827 -0.788356 123.588852
75372.793638 -8994.677594 -0.124594 -1.044064 161.618102
74124.122412 -16782.602646 -0.232047 -1.024890 108.823053
67248.257996 35597.473963 0.491336 -0.928197 168.303709
-36186.277526 67044.667058 0.923601 0.498499 132.788660
-33334.837197 -68640.680616 -0.943356 0.458134 111.115978
29777.647011 -70361.508816 -0.965179 -0.408473 131.395073
-12652.080299 -75433.769332 -1.033049 0.173267 147.676919
-76404.986274 -5537.657232 -0.075662 1.043934 133.214455
75547.972768 -13215.884109 -0.180254 -1.030411 114.654049
-34838.016032 -68446.361631 -0.931600 0.474168 184.868272
-69198.052798 33523.437587 0.455489 0.940205 196.394516
71038.420421 -29690.569903 -0.402604 -0.963281 194.553929
70823.344905 30505.892840 0.412691 -0.958115 191.059138
54268.538093 54898.095173 0.741522 -0.733019 198.811470
48534.029990 -60160.512729 -0.810974 -0.654247 131.705157
-75560.436213 16804.382648 0.226046 1.016409 199.544219
-74205.475513 -22324.258567 -0.299807 0.996554 180.957308
11305.591249 76772.802903 1.028842 -0.151508 153.349208
-70919.005394 -31758.269554 -0.424739 0.948480 104.526658
48237.123228 61041.933225 0.814880 -0.643942 101.819715
-40069.631793 66803.921159 0.890102 0.533892 169.360815
-57986.350283 -52165.673506 -0.693746 0.771155 112.202488
-68339.397344 -37796.715653 -0.501716 0.907141 105.949311
54216.340130 -56347.375184 -0.746529 -0.718295 112.425677
-12283.952836 77334.864103 1.022437 0.162405 125.023846
78292.289933 -4188.493286 -0.055270 -1.033118 110.871419
30968.203622 72131.757405 0.950111 -0.407910 157.412145
-19124.025313 -76252.984091 -1.002173 0.251342 112.090861
-58463.179222 52664.288151 0.691212 0.767321 134.775365
64870.991223 -44710.829444 -0.585701 -0.849794 191.505050
-60509.191611 50645.752053 0.661924 0.790836 105.868769
33315.273562 -71643.680342 -0.934518 -0.434563 139.484626
42135.163719 66958.546451 0.871720 -0.548549 101.175672
-79015.953571 5193.175946 0.067515 1.027257 159.245618
52101.065867 59774.632605 0.775528 -0.675969 146.483122
13494.116110 -78242.081196 -1.013148 -0.174734 174.004163
10639.481573 78799.391301 1.018109 -0.137465 173.203814
18180.311468 77483.760819 0.999722 -0.234569 191.758994
3381.985402 79626.688471 1.025236 -0.043545 162.884158
-20502.263830 77117.102458 0.991105 0.263494 101.233354
78162.355988 16561.610535 0.212443 -1.002620 191.674856
63698.398398 -48415.284407 -0.619741 -0.815373 130.603178
34047.200343 -72514.703944 -0.926482 -0.435003 112.572249
53921.493445 -59364.446165 -0.757224 -0.687796 128.641208
40676.440084 69248.692148 0.881423 -0.517745 177.621525
-72373.271213 -35026.874225 -0.445068 0.919610 191.218357
-76181.796377 -25998.129046 -0.329779 0.966344 168.975922
-45804.817727 -66311.372569 -0.839614 0.579967 191.851529
64291.715940 48795.781925 0.616473 -0.812245 113.194386
-79128.106441 16413.655221 0.206980 0.997822 137.531151
62415.798449 -51484.966331 -0.648063 -0.785654 166.681539
-21047.008170 -78206.626562 -0.982976 0.264539 170.006365
-78811.458905 -19100.431358 -0.239612 0.988678 159.708118
78609.899017 -20351.419107 -0.254793 -0.984172 141.736107
46377.682223 -66767.999764 -0.834476 -0.579635 128.516010
-80286.638994 13369.776048 0.166798 1.001634 145.071673
40394.950884 -70799.750926 -0.881317 -0.502837 102.274516
63064.600538 51798.904675 0.643638 -0.783623 157.536682
81357.402019 7630.366080 0.094632 -1.008995 122.949033
74474.018870 -33825.383809 -0.418878 -0.922251 133.286934
8580.702804 -81434.879947 -1.006789 -0.106084 180.055434
68441.584206 -45175.756528 -0.557278 -0.844280 169.123303
37843.502373 72851.872325 0.897241 -0.466079 139.975167
-12291.569739 -81283.028096 -0.999024 0.151072 193.786698
77366.065766 28025.469002 0.343959 -0.949520 189.803514
-23601.156897 78946.917076 0.966921 0.289061 174.508736
11844.803958 81645.167477 0.998138 -0.144806 121.906527
73237.733940 38169.002377 0.465889 -0.893936 105.200702
77312.523598 29344.133023 0.357479 -0.941844 116.150254
-71040.384751 42541.399440 0.517219 0.863711 117.639341
-76588.228904 31722.687079 0.385029 0.929578 110.901317
43984.979858 70373.711714 0.852750 -0.532986 187.611038
-82537.821025 9656.430333 0.116775 0.998127 178.371682
15851.333502 81674.927363 0.985945 -0.191351 195.755497
3906.537925 83204.192638 1.002652 -0.047076 168.403693
-17646.421662 -81499.670078 -0.980481 0.212295 173.937795
19320.821153 81228.586938 0.975349 -0.231994 103.576159
-18072.214453 81619.497298 0.978258 0.216606 126.294708
-71802.831081 -43014.428321 -0.514585 0.858983 133.944971
15533.845539 82354.261702 0.983354 -0.185482 139.721334
-47205.844088 -69371.847182 -0.826809 0.562623 181.154947
16192.204623 -82430.727846 -0.980762 -0.192655 124.927350
-29426.385481 78783.374042 0.935803 0.349532 141.044907
10713.106797 -83513.933021 -0.990249 -0.127028 189.215737
56800.842270 62275.706480 0.737232 -0.672420 111.175946
5814.028782 84210.500123 0.994737 -0.068678 135.441544
-77624.447955 -33417.508443 -0.394037 0.915295 107.084205
79101.212043 -29974.224393 -0.352948 -0.931420 128.378444
-84154.816066 9595.612276 0.112768 0.988993 156.860944
27313.836315 80293.426731 0.941747 -0.320359 115.480736
84047.640459 12045.185687 0.141040 -0.984137 137.524757
-14267.825528 -83808.020145 -0.979470 0.166749 103.048439
22195.164980 82150.666970 0.958708 -0.259020 181.175086
-50112.802056 -68895.155702 -0.802645 0.583826 111.879865
13883.118729 -84158.867377 -0.978690 -0.161448 188.949475
-53760.358621 -66363.884005 -0.770251 0.623969 102.187428
-82407.281476 -22821.832876 -0.264407 0.954746 126.102462
-22753.668836 -82507.575705 -0.954593 0.263254 182.601102
20722.646222 83161.605293 0.960189 -0.239265 176.884051
65388.440988 55566.000232 0.640395 -0.753599 125.101561
38614.534314 -76720.911217 -0.882950 -0.444399 144.892974
19272.847079 -83803.837797 -0.962768 -0.221413 147.159607
46815.721202 72242.992960 0.828588 -0.536951 119.512498
-76222.775207 40232.969286 0.460619 0.872659 140.323328
25952.857728 -82290.511045 -0.940544 -0.296630 105.347596
-84928.417498 -15805.806467 -0.180338 0.968998 182.988994
-42027.136525 75597.760021 0.860927 0.478616 147.185317
-74768.535648 43673.476423 0.496549 0.850086 101.512723
78506.445687 36820.807400 0.417746 -0.890685 172.265921
62499.209422 -60219.053503 -0.682292 -0.708127 193.389880
80353.544644 33098.369353 0.374276 -0.908637 104.605934
-14351.520407 85795.457928 0.968767 0.162051 187.069031
-28167.942053 82412.504467 0.928872 0.317481 165.706519
-82449.222493 28406.301013 0.319550 0.927494 181.563308
-86719.216809 10114.389853 0.113581 0.973826 123.855133
-84959.888731 -20516.336479 -0.230016 0.952516 103.757940
53531.345090 -69196.933883 -0.774673 -0.599294 156.713274
87579.488270 -1113.786238 -0.012448 -0.978783 189.805339
74088.702978 -46942.530940 -0.523535 -0.826288 131.412579
78571.055521 39198.593781 0.436438 -0.874812 138.395937
-34719.040499 -80761.023622 -0.897640 0.385894 126.236151
10467.452077 -87379.035741 -0.969607 -0.116153 132.457976
84100.465788 26221.615569 0.290525 -0.931801 160.109852
-11189.391801 -87475.208540 -0.967635 0.123775 190.366864
-86211.611255 19067.878661 0.210541 0.951921 135.108877
86731.400753 17075.080318 0.188214 -0.956018 183.285365
80525.818998 36744.898996 0.404227 -0.885856 137.083757
64423.294137 60839.172659 0.668187 -0.707551 122.606515
70097.267508 -54334.341486 -0.595944 -0.768833 122.454741
-70472.776838 -54029.888518 -0.591489 0.771496 113.512484
-56320.890021 68795.117692 0.751760 0.615448 120.881307
88567.925529 -8643.988711 -0.094330 -0.966527 189.454183
-9830.150197 88562.888731 0.964553 0.107062 166.390719
-59365.182442 66581.588938 0.723967 0.645500 171.203413
-26198.506868 -85385.614788 -0.926707 0.284338 144.215592
79039.718151 41794.307273 0.452879 -0.856467 190.774853
88849.998123 10687.950168 0.115656 -0.961462 193.870189
56367.240611 -69644.899169 -0.752293 -0.608870 100.686918
89427.052295 7044.011447 0.075953 -0.964253 112.737764
-85414.842744 -27745.257786 -0.298645 0.919391 102.288646
-52941.228801 72676.124565 0.780887 0.568841 162.729445
-88887.575487 14177.976953 0.152093 0.953535 198.666094
27436.491078 85822.201451 0.919273 -0.293882 197.167625
43397.134139 -79065.617436 -0.845615 -0.464137 123.940557
33480.293740 -83870.120519 -0.895312 -0.357402 160.548197
-64347.628729 -63498.666240 -0.676754 0.685802 130.845678
32302.041436 -84540.131270 -0.899543 -0.343708 138.590941
17709.558853 88853.670548 0.943873 -0.188125 140.497260
54787.499908 -72289.394665 -0.766597 -0.580997 126.369974
-64888.141144 -63523.472762 -0.672518 0.686965 127.621661
-72821.466801 -54395.540755 -0.575037 0.769825 182.648258
-89918.382940 13951.394103 0.147244 0.949003 117.685916
90790.963026 7417.012035 0.078152 -0.956648 165.192612
-6937.189065 90936.379468 0.956492 0.072967 185.278196
87369.447257 -26461.641391 -0.277927 -0.917643 168.309534
-86456.706862 -29645.165299 -0.310806 0.906429 149.395501
77052.374603 49365.351106 0.516610 -0.806355 111.821463
-60503.579276 -68763.106689 -0.718640 0.632320 192.671177
-32384.395522 85790.897131 0.895014 0.337850 114.551159
91795.586154 1506.274206 0.015686 -0.955964 199.916150
-41595.914773 81950.552967 0.852117 0.432512 162.278632
-61466.810007 -68463.942279 -0.710663 0.638032 122.519915
78994.833662 -47347.486450 -0.490755 -0.818779 170.094179
-84461.425795 36957.420389 0.382467 0.874079 171.392146
-85869.389406 -33886.030926 -0.349995 0.886910 197.617226
92323.498430 -3722.069826 -0.038391 -0.952259 192.985012
35975.152076 -85219.812201 -0.877514 -0.370438 148.270357
89856.647703 22372.171044 0.230003 -0.923794 157.343450
-91357.922431 -15741.680494 -0.161563 0.937643 120.891210
-24241.685055 89582.126422 0.917932 0.248400 151.651401
68913.955087 -62289.258657 -0.637353 -0.705138 151.912667
-54059.989909 -75673.294992 -0.772967 0.552197 184.404454
83822.997951 40491.660517 0.412997 -0.854957 147.792856
-52061.702587 77317.974095 0.787068 0.529969 139.245497
-28985.155546 88695.376215 0.901446 0.294587 182.702935
-42.894133 -93409.240827 -0.947862 0.000435 138.713366
-38872.860003 85029.281061 0.861658 0.393925 138.122468
35989.872557 -86416.064425 -0.874067 -0.364025 119.521182
-89684.980117 27090.518524 0.273676 0.906024 123.406770
78245.420329 51735.870290 0.521686 -0.788999 176.149205
-57599.661227 74143.688425 0.746616 0.580020 105.370148
51537.007788 -78628.827078 -0.790198 -0.517933 193.717858
92299.736958 18307.897189 0.183742 -0.926340 158.878251
85994.154463 -38476.925186 -0.385476 -0.861521 166.043939
35599.702600 -87326.987509 -0.873555 -0.356113 100.493117
-68779.909090 -64637.956947 -0.645752 0.687131 130.535321
80094.833138 -50145.863843 -0.500086 -0.798755 105.566050
15113.300469 -93388.412805 -0.929765 -0.150466 137.406767
55140.385516 -77003.935854 -0.765343 -0.548041 118.728649
-87931.934667 35434.989416 0.351672 0.872673 164.082857
-90617.210591 -28203.921733 -0.279458 0.897879 173.385539
-95000.585866 -679.429599 -0.006722 0.939854 108.915327
86527.613679 -39436.141854 -0.389608 -0.854846 193.192137
3291.837143 -95153.568563 -0.938292 -0.032460 196.310148
-79226.289336 52984.084195 0.521643 0.780005 189.661505
-89505.030629 32985.808352 0.324350 0.880106 170.863434
61995.696707 -72630.258941 -0.713035 -0.608632 132.900947
-94582.104815 13931.986705 0.136536 0.926924 124.044401
-43419.985606 85292.354019 0.834499 0.424820 101.637247
87742.650365 -38449.904978 -0.375668 -0.857274 186.570694
-78357.005395 -55271.926017 -0.539247 0.764471 130.496143
30527.755177 91008.591069 0.886479 -0.297359 185.326261
-73142.439766 62317.789831 0.606085 0.711363 135.465503
7544.928602 95892.713791 0.931188 -0.073267 128.706724
80561.415538 52733.740307 0.511310 -0.781129 104.295421
-1322.509945 96398.162843 0.932920 0.012799 144.934530
-94513.585178 19415.034753 0.187661 0.913546 189.337415
90313.154105 34263.631647 0.330633 -0.871493 175.626547
48882.627633 -83428.860864 -0.803807 -0.470967 123.323105
-1527.111714 96778.732607 0.931042 0.014691 155.833862
-79853.132623 54891.470032 0.527181 0.766915 149.308021
-59495.770277 -76605.388748 -0.734636 0.570557 109.115731
40021.394720 -88475.395306 -0.847018 -0.383144 128.974849
93083.635235 -28038.367485 -0.267975 -0.889642 167.763626
96906.112114 -8589.780717 -0.082006 -0.925157 191.526001
-13902.453793 -96402.249299 -0.918739 0.132494 100.755091
28564.404185 -93218.093020 -0.887070 -0.271821 125.986217
75865.050928 61384.966951 0.583312 -0.720909 172.785429
-89679.374906 38757.254028 0.367687 0.850780 178.559492
-68000.659161 -70308.257427 -0.665814 0.643962 162.037058
68985.005857 69462.251821 0.656948 -0.652435 187.300982
-96913.210598 14556.462042 0.137453 0.915128 127.736803
40666.401514 89283.931176 0.841686 -0.383365 192.259849
44798.434200 87385.406245 0.822652 -0.421736 174.062257
24346.631366 95233.925428 0.895206 -0.228860 169.454175
-33422.425468 -92546.822876 -0.868618 0.313693 168.097107
88198.419629 43866.125046 0.411039 -0.826447 140.854487
25748.267745 95175.237306 0.890576 -0.240932 120.627262
-87776.299519 -45111.861392 -0.421522 0.820175 131.459834
-98803.011244 -1072.075984 -0.009999 0.921546 174.989448
86887.878335 -47251.445789 -0.440076 -0.809230 137.786799
-89943.073545 41399.091467 0.384938 0.836310 150.348030
11454.411105 98446.889749 0.914028 -0.106348 197.999401
-25227.331980 -95941.980562 -0.889529 0.233896 116.206417
79441.386008 59568.270527 0.551531 -0.735533 133.675799
-99399.524596 -1725.536269 -0.015947 0.918650 154.702971
51526.379178 85115.432957 0.785661 -0.475616 124.222460
-94444.120134 -31639.451411 -0.291582 0.870376 131.571683
-15451.966240 -98507.847981 -0.906332 0.142168 152.377185
-99049.891221 -12252.882879 -0.112577 0.910053 109.962073
38506.001848 92165.850478 0.845769 -0.353354 160.160208
67687.760513 73611.352292 0.674336 -0.620072 152.279611
100095.988859 -973.257748 -0.008903 -0.915590 195.436012
-78596.427924 -62159.152491 -0.567685 0.717803 118.604260
84243.492256 -54408.203731 -0.496302 -0.768455 189.547980
78199.072663 -62972.104131 -0.573422 -0.712078 199.793175
-21501.894671 98182.485742 0.892616 0.195482 150.094935
74265.216548 -67843.873477 -0.616065 -0.674374 166.439477
28099.368367 -96704.867235 -0.876627 -0.254720 121.612229
-97292.380079 26388.483852 0.238844 0.880602 194.172684
-100890.252571 1037.210852 0.009376 0.911971 146.157900
97412.224346 26723.300449 0.241144 -0.879020 164.868857
-92447.743590 -40946.627665 -0.368950 0.833002 178.042360
-1649.462960 101172.034808 0.910591 0.014846 177.938258
-16110.936376 100023.141563 0.898560 0.144733 138.618807
56997.966675 -83878.977093 -0.752415 -0.511286 129.538184
-55897.058632 -84718.492278 -0.758991 0.500781 118.793494
22108.372808 -99152.346001 -0.887124 -0.197805 147.239225
-93748.514067 39405.965021 0.352015 0.837459 135.502640
38662.052576 94163.966025 0.839952 -0.344870 115.043572
-98605.598964 -25724.173825 -0.229078 0.878099 160.851470
-88204.455764 51215.352941 0.455481 0.784442 110.713132
2362.558850 102061.357756 0.906432 -0.020982 114.976591
-7895.967196 101906.638965 0.903419 0.069999 171.641245
47108.814016 90800.626307 0.804000 -0.417128 196.913513
88698.165129 51175.317528 0.452413 -0.784131 124.469194
